4 3 10 29 14 -1 0.02 0.02 50399
4 3 10 24 12 -1 0.01 0 28118
4 3 10 21 11 -1 0.01 0 120128
4 3 10 27 13 -1 0.02 0 60112
4 3 10 20 10 -1 0.01 0 73661
4 3 11 24 13 -1 0.01 0.01 18602
4 3 11 29 14 -1 0.02 0 25744
4 3 11 28 14 -1 0.02 0.01 89510
4 3 11 30 14 -1 0.02 0.01 31292
4 3 11 32 15 -1 0.02 0.01 151532
4 3 12 32 16 -1 0.03 0.01 215904
4 3 12 28 14 -1 0.02 0.01 144551
4 3 12 37 18 -1 0.03 0.01 1067497
4 3 12 39 18 -1 0.03 0.01 172320
4 3 12 29 14 -1 0.02 0.02 80440
4 3 13 30 16 -1 0.02 0 387522
4 3 13 39 19 -1 0.04 0.01 455132
4 3 13 37 19 -1 0.04 0 431008
4 3 13 28 14 -1 0.03 0.01 896040
4 3 13 31 15 -1 0.03 0.01 347241
4 3 14 33 18 -1 0.03 0.01 335260
4 3 14 34 17 -1 0.03 0.01 994154
4 3 14 40 20 -1 0.04 0 1386477
4 3 14 43 21 -1 0.05 0.01 567816
4 3 14 46 23 -1 0.05 0.02 3135463
4 3 15 41 20 -1 0.04 0 2258222
4 3 15 49 24 -1 0.06 0.03 872628
4 3 15 40 20 -1 0.06 0.04 4817680
4 3 15 41 22 -1 0.04 0.01 2390148
4 3 15 37 19 -1 0.04 0.02 3315677
4 3 16 38 19 -1 0.05 0 11146516
4 3 16 39 20 -1 0.05 0.01 7521704
4 3 16 38 20 -1 0.04 0.03 6579008
4 3 16 45 22 -1 0.05 0 2341608
4 3 16 32 16 -1 0.03 0.01 1684096
4 3 17 57 28 -1 0.06 0.02 5641851
4 3 17 48 24 -1 0.05 0.03 5431664
4 3 17 43 21 -1 0.06 0 3936042
4 3 18 59 31 -1 0.09 0.02 1660628
4 3 17 37 19 -1 0.05 0.01 21084964
4 3 17 56 29 -1 0.08 0.02 10503386
4 3 18 58 29 -1 0.07 0.03 4781777
4 3 18 59 29 -1 0.08 0 12355190
4 3 18 51 25 -1 0.07 0.04 12028056
4 3 18 49 25 -1 0.07 0.03 8946192
4 3 19 55 27 -1 0.08 0.01 18405686
4 3 19 78 39 -1 0.11 0.03 20180665
4 3 19 54 27 -1 0.08 0.02 20657636
4 3 19 56 28 -1 0.09 0.01 7231180
4 3 19 39 19 -1 0.06 0.04 13283998
4 3 20 49 24 -1 0.07 0.04 28666884
4 3 20 47 23 -1 0.07 0.02 19293525
4 3 20 50 25 -1 0.07 0.02 77639987
4 3 20 55 27 -1 0.1 0.05 32856134
4 3 20 43 22 -1 0.07 0.01 68399876
4 3 21 67 34 -1 0.11 0.01 44311556
4 3 21 57 30 -1 0.11 0.09 81226639
4 3 21 45 23 -1 0.07 0.03 62701580
4 3 21 65 33 -1 0.12 0.04 47215370
4 3 21 44 22 -1 0.07 0.03 148026048
4 3 22 74 37 -1 0.14 0.05 39423665
4 3 22 61 31 -1 0.1 0.03 113288054
4 3 22 53 26 -1 0.09 0.03 46853927
4 3 22 65 33 -1 0.11 0.03 122892276
4 3 22 55 29 -1 0.1 0.02 86324747
4 3 23 77 39 -1 0.12 0.05 47743752
4 3 23 65 33 -1 0.12 0.06 118811150
4 3 23 54 27 -1 0.11 0.05 100105109
4 3 23 55 27 -1 0.1 0.02 143969344
4 3 23 55 28 -1 0.09 0.04 123353789
4 3 24 54 27 -1 0.09 0.03 83421891
4 3 24 66 33 -1 0.13 0.07 293607152
4 3 24 65 32 -1 0.12 0.04 181284396
4 3 25 71 35 -1 0.13 0.07 218159544
4 3 24 50 27 -1 0.1 0.04 91692532
4 3 25 63 33 -1 0.15 0.05 101977876
4 3 25 56 28 -1 0.12 0 248882858
4 3 24 51 25 -1 0.11 0.03 119469721
4 3 25 70 35 -1 0.14 0.01 216519381
4 3 26 79 40 -1 0.14 0.04 436229867
4 3 25 83 42 -1 0.16 0.06 218002833
4 3 26 68 35 -1 0.14 0.05 262135350
4 3 26 78 40 -1 0.15 0.04 354500811
4 3 26 58 29 -1 0.15 0.07 404842191
4 3 26 82 41 -1 0.18 0.04 153192424
4 3 27 64 33 -1 0.15 0.04 245048537
4 3 27 68 35 -1 0.15 0.03 760402202
4 3 27 80 40 -1 0.17 0.09 882149850
4 3 27 54 27 -1 0.12 0.05 263228266
4 3 27 94 48 -1 0.19 0.07 176879912
4 3 28 61 30 -1 0.13 0.04 515383402
4 3 28 81 40 -1 0.18 0.08 794880669
4 3 28 77 39 -1 0.17 0.04 560661892
4 3 28 69 35 -1 0.15 0.04 366228205
4 3 28 67 33 -1 0.16 0.05 640917399
4 3 29 82 41 -1 0.19 0.08 514292653
4 3 29 81 41 -1 0.2 0.04 917707178
4 3 29 72 36 -1 0.18 0.08 669347277
4 3 29 99 49 -1 0.26 0.14 1090601938
4 3 29 87 43 -1 0.18 0.07 691361754
4 3 30 73 37 -1 0.2 0.06 1386597093
4 3 30 56 28 -1 0.14 0.06 1187252767
4 3 30 74 37 -1 0.17 0.05 1213633235
4 3 30 62 31 -1 0.16 0.05 1220085016
4 3 31 83 41 -1 0.17 0.05 943898428
4 3 30 105 54 -1 0.3 0.12 680601993
4 3 31 91 46 -1 0.22 0.11 1893181011
4 3 32 76 38 -1 0.19 0.1 2126579687
4 3 31 100 50 -1 0.25 0.08 1430312018
4 3 31 72 36 -1 0.15 0.02 831936365
4 3 31 64 33 -1 0.16 0.06 969849757
4 3 32 75 37 -1 0.19 0.05 1091992119
4 3 33 75 37 -1 0.21 0.09 3139373391
4 3 32 74 37 -1 0.17 0.05 354247815
4 3 32 107 55 -1 0.26 0.06 1695827830
4 3 33 80 40 -1 0.23 0.07 2026961183
4 3 33 59 31 -1 0.18 0.09 2984171129
4 3 32 63 31 -1 0.18 0.05 2747757466
4 3 33 68 35 -1 0.18 0.02 2956291037
4 3 33 73 36 -1 0.18 0.09 1828995826
4 3 34 104 52 -1 0.29 0.12 3261970608
4 3 34 75 38 -1 0.22 0.09 2988038726
4 3 34 88 46 -1 0.25 0.06 1394822528
4 3 34 83 42 -1 0.24 0.04 2037181779
4 3 34 85 43 -1 0.22 0.09 764833108
4 3 35 97 49 -1 0.28 0.09 3430973717
4 3 35 79 40 -1 0.24 0.07 4002089668
4 3 35 88 46 -1 0.25 0.11 3561765534
4 3 35 74 37 -1 0.22 0.08 2411637833
4 3 36 75 37 -1 0.19 0.08 2893344039
4 3 36 99 51 -1 0.29 0.08 8279904433
4 3 36 91 45 -1 0.25 0.12 3795070316
4 3 36 99 52 -1 0.34 0.11 3948732754
4 3 35 79 40 -1 0.2 0.12 2593539517
4 3 37 91 46 -1 0.27 0.08 3744229923
4 3 36 89 44 -1 0.26 0.07 4238605532
4 3 37 79 40 -1 0.23 0.06 5758860170
4 3 37 82 42 -1 0.26 0.08 7076898577
4 3 38 84 43 -1 0.26 0.12 8804436416
4 3 37 72 37 -1 0.2 0.04 3026645685
4 3 37 86 43 -1 0.26 0.09 6644057686
4 3 38 84 42 -1 0.26 0.09 6994630218
4 3 38 107 54 -1 0.36 0.11 7870709966
4 3 38 64 32 -1 0.2 0.06 5086693012
4 3 38 77 38 -1 0.25 0.09 5723580572
4 3 39 86 43 -1 0.28 0.08 8337576021
4 3 39 127 65 -1 0.41 0.15 10239162891
4 3 39 84 42 -1 0.26 0.08 9411108648
4 3 39 95 48 -1 0.28 0.08 5178348127
4 3 40 81 41 -1 0.28 0.08 17012839714
4 3 39 76 39 -1 0.24 0.06 11128959125
4 3 40 109 54 -1 0.34 0.14 5808391242
4 3 40 106 55 -1 0.31 0.12 6058762231
4 3 40 81 41 -1 0.27 0.1 10957400324
4 3 41 88 44 -1 0.28 0.11 18673722946
4 3 40 95 49 -1 0.28 0.04 8706629628
4 3 41 91 45 -1 0.27 0.1 8307088835
4 3 41 92 46 -1 0.28 0.05 13265937374
4 3 41 77 40 -1 0.23 0.08 11768906824
4 3 41 91 47 -1 0.3 0.11 6980912009
4 3 42 115 58 -1 0.43 0.16 10202831380
4 3 42 114 57 -1 0.41 0.15 14933629568
4 3 42 73 37 -1 0.26 0.06 10783666679
4 3 42 107 54 -1 0.37 0.09 12597122511
4 3 42 94 47 -1 0.35 0.18 15727453168
4 3 43 90 45 -1 0.34 0.13 15856903377
4 3 43 66 33 -1 0.27 0.1 17995317841
4 3 43 94 47 -1 0.37 0.15 22597323388
4 3 43 104 52 -1 0.38 0.1 14514772738
4 3 43 86 43 -1 0.29 0.12 13902903708
4 3 44 105 52 -1 0.38 0.13 29968124059
4 3 44 85 42 -1 0.31 0.08 23797737981
4 3 44 107 53 -1 0.39 0.16 18765510385
4 3 44 118 60 -1 0.4 0.12 16748549586
4 3 44 93 49 -1 0.3 0.13 17339559016
input10_4

input10_3

input10_2

input10_1

input10_0

input11_4

input11_3

input11_2

input11_1

input11_0

input12_4

input12_3

input12_2

input12_1

input12_0

input13_4

input13_3

input13_2

input13_1

input13_0

input14_3

input14_1

input14_4

input14_0

input14_2

input15_4

input15_3

input15_0

input15_1

input15_2

input16_2

input16_3

input16_1

input16_4

input16_0

input17_3

input17_4

input17_0

input18_4

input17_2

input17_1

input18_2

input18_0

input18_3

input18_1

input19_4

input19_0

input19_2

input19_1

input19_3

input20_3

input20_2

input20_0

input20_4

input20_1

input21_3

input21_0

input21_1

input21_4

input21_2

input22_0

input22_1

input22_4

input22_2

input22_3

input23_1

input23_0

input23_4

input23_2

input23_3

input24_1

input24_4

input24_2

input25_3

input24_0

input25_1

input25_0

input24_3

input25_2

input26_2

input25_4

input26_4

input26_3

input26_1

input26_0

input27_3

input27_2

input27_4

input27_0

input27_1

input28_3

input28_1

input28_2

input28_4

input28_0

input29_0

input29_4

input29_3

input29_1

input29_2

input30_0

input30_3

input30_4

input30_1

input31_1

input30_2

input31_3

input32_3

input31_2

input31_0

input31_4

input32_1

input33_0

input32_0

input32_2

input33_4

input33_3

input32_4

input33_2

input33_1

input34_1

input34_0

input34_2

input34_4

input34_3

input35_3

input35_2

input35_1

input35_4

input36_4

input36_3

input36_2

input36_0

input35_0

input37_2

input36_1

input37_4

input37_1

input38_0

input37_3

input37_0

input38_4

input38_1

input38_3

input38_2

input39_3

input39_0

input39_4

input39_2

input40_3

input39_1

input40_1

input40_0

input40_4

input41_0

input40_2

input41_3

input41_4

input41_1

input41_2

input42_4

input42_0

input42_2

input42_1

input42_3

input43_2

input43_1

input43_0

input43_4

input43_3

input44_4

input44_3

input44_2

input44_1

input44_0

