4 3 13 30 15 -1 0.02 0.01 15431
4 3 13 27 14 -1 0.02 0 15418
4 3 13 35 17 -1 0.03 0.01 49870
4 3 13 38 19 -1 0.03 0 59753
4 3 13 39 19 -1 0.03 0.02 15316
4 3 13 31 16 -1 0.02 0.01 9575
4 3 13 39 19 -1 0.04 0.03 7936
4 3 13 26 13 -1 0.02 0 26060
4 3 13 29 14 -1 0.02 0.01 31210
4 3 13 38 19 -1 0.03 0.01 69735
4 3 23 54 28 -1 0.09 0.02 1303973
4 3 23 56 28 -1 0.08 0.02 841039
4 3 23 42 21 -1 0.08 0.03 1211388
4 3 23 53 26 -1 0.09 0.03 1440358
4 3 23 49 25 -1 0.09 0.05 1464957
4 3 23 44 22 -1 0.07 0.06 1578496
4 3 23 60 30 -1 0.11 0.01 1533801
4 3 23 53 26 -1 0.09 0.04 1378555
4 3 23 59 29 -1 0.1 0.01 1000569
4 3 23 43 21 -1 0.06 0.03 939009
4 3 33 71 35 -1 0.16 0.09 5247664
4 3 33 61 30 -1 0.14 0.07 5196529
4 3 33 62 31 -1 0.14 0.06 8224545
4 3 33 41 20 -1 0.08 0.04 6023336
4 3 33 55 28 -1 0.13 0.07 6835932
4 3 33 58 29 -1 0.13 0.05 6218019
4 3 33 70 36 -1 0.16 0.05 5667424
4 3 33 68 35 -1 0.18 0.05 10182135
4 3 33 71 35 -1 0.18 0.06 7527893
4 3 33 84 43 -1 0.18 0.06 5146378
4 3 43 59 29 -1 0.17 0.08 27432840
4 3 43 75 38 -1 0.24 0.05 22326186
4 3 43 65 33 -1 0.21 0.04 24897134
4 3 43 85 44 -1 0.26 0.06 36623475
4 3 43 73 36 -1 0.21 0.09 28235370
4 3 43 65 32 -1 0.17 0.07 22525849
4 3 43 67 33 -1 0.19 0.06 23447626
4 3 43 60 29 -1 0.19 0.08 31931815
4 3 43 76 38 -1 0.22 0.09 18950994
4 3 43 90 46 -1 0.25 0.12 33949462
4 3 53 83 43 -1 0.27 0.07 65881728
4 3 53 92 46 -1 0.31 0.06 69853800
4 3 53 80 40 -1 0.28 0.07 61445300
4 3 53 68 34 -1 0.24 0.07 73066110
4 3 53 89 45 -1 0.33 0.14 96229162
4 3 53 69 35 -1 0.24 0.04 72558113
4 3 53 79 40 -1 0.26 0.09 64250727
4 3 53 79 41 -1 0.28 0.12 78635203
4 3 53 73 36 -1 0.27 0.1 74828405
4 3 53 64 32 -1 0.24 0.11 114456203
4 3 63 73 36 -1 0.33 0.1 246590813
4 3 63 72 37 -1 0.32 0.08 202734853
4 3 63 68 34 -1 0.3 0.1 216542785
4 3 63 55 27 -1 0.23 0.07 176792878
4 3 63 78 39 -1 0.36 0.12 249335684
4 3 63 97 49 -1 0.43 0.13 194159425
4 3 63 87 44 -1 0.36 0.09 164667348
4 3 63 54 27 -1 0.23 0.05 149925178
4 3 63 54 27 -1 0.23 0.07 150341599
4 3 63 66 34 -1 0.32 0.1 105434090
4 3 73 90 45 -1 0.44 0.16 415386115
4 3 73 75 37 -1 0.37 0.09 316018444
4 3 73 76 38 -1 0.38 0.07 283404898
4 3 73 106 54 -1 0.52 0.17 295943104
4 3 73 93 47 -1 0.49 0.11 279488618
4 3 73 98 49 -1 0.51 0.17 442527629
4 3 73 91 45 -1 0.44 0.15 268892735
4 3 73 60 30 -1 0.32 0.14 330238046
4 3 73 93 47 -1 0.46 0.17 291444592
4 3 73 74 37 -1 0.36 0.11 393668945
4 3 83 82 41 -1 0.45 0.09 718433391
4 3 83 89 44 -1 0.46 0.13 530818879
4 3 83 77 38 -1 0.4 0.1 610681368
4 3 83 121 61 -1 0.7 0.17 646037234
4 3 83 96 48 -1 0.5 0.18 468154685
4 3 83 90 46 -1 0.47 0.1 622789705
4 3 83 93 46 -1 0.49 0.2 488668990
4 3 83 96 49 -1 0.48 0.15 512469139
4 3 83 108 54 -1 0.63 0.18 619285760
4 3 83 70 36 -1 0.39 0.12 583976870
4 3 93 77 39 -1 0.44 0.13 815713610
4 3 93 83 42 -1 0.54 0.16 1531813059
4 3 93 83 41 -1 0.5 0.17 1001950684
4 3 93 106 53 -1 0.59 0.2 865267359
4 3 93 83 41 -1 0.51 0.13 1189044598
4 3 93 78 39 -1 0.45 0.13 853100723
4 3 93 87 43 -1 0.5 0.14 1280797817
4 3 93 89 44 -1 0.52 0.18 572005096
4 3 93 108 54 -1 0.67 0.2 652676343
4 3 93 123 61 -1 0.66 0.1 846110566
4 3 103 93 47 -1 0.63 0.11 1525744638
4 3 103 110 57 -1 0.72 0.19 1275059960
4 3 103 92 46 -1 0.61 0.14 1216341824
4 3 103 79 39 -1 0.57 0.11 2019748505
4 3 103 76 38 -1 0.47 0.13 1057466510
4 3 103 82 42 -1 0.52 0.1 2107983960
4 3 103 92 46 -1 0.59 0.17 976888998
4 3 103 99 49 -1 0.72 0.17 1664275370
4 3 103 88 45 -1 0.6 0.2 1485544980
4 3 103 86 43 -1 0.57 0.17 1518218669
4 3 113 91 46 -1 0.66 0.24 2339540177
4 3 113 96 49 -1 0.71 0.18 2178852449
4 3 113 98 49 -1 0.7 0.21 2361006775
4 3 113 102 52 -1 0.73 0.21 2193797131
4 3 113 82 43 -1 0.55 0.13 1767449717
4 3 113 125 63 -1 1 0.29 3315917225
4 3 113 115 58 -1 0.78 0.26 1959824418
4 3 113 72 36 -1 0.5 0.17 1190989664
4 3 113 97 49 -1 0.76 0.24 2016046482
4 3 113 95 48 -1 0.63 0.23 1690188591
4 3 123 77 39 -1 0.62 0.22 2641833799
4 3 123 90 45 -1 0.7 0.16 2304943610
4 3 123 91 46 -1 0.7 0.24 3436917466
4 3 123 91 45 -1 0.72 0.22 3063880285
4 3 123 91 46 -1 0.71 0.2 2663391557
4 3 123 74 37 -1 0.54 0.14 3111373334
4 3 123 109 54 -1 0.9 0.23 4268882738
4 3 123 93 47 -1 0.75 0.22 3578317740
4 3 123 85 42 -1 0.73 0.21 3955614789
4 3 123 114 58 -1 0.93 0.28 3899106482
4 3 133 103 51 -1 0.86 0.2 3645760337
4 3 133 108 54 -1 0.86 0.33 4161750978
4 3 133 101 52 -1 0.85 0.28 2971162975
4 3 133 92 46 -1 0.79 0.31 4104212102
4 3 133 92 46 -1 0.81 0.22 5194268521
4 3 133 104 53 -1 0.83 0.2 3728508826
4 3 133 102 51 -1 0.86 0.28 4511995729
4 3 133 91 45 -1 0.78 0.25 3956535032
4 3 133 97 49 -1 0.85 0.31 5746728101
4 3 133 96 48 -1 0.81 0.18 5195900584
4 3 143 87 44 -1 0.82 0.26 5355847729
4 3 143 94 48 -1 0.84 0.26 3806383988
4 3 143 106 54 -1 1.03 0.36 4783126795
4 3 143 79 39 -1 0.71 0.18 6474657655
4 3 143 81 41 -1 0.75 0.18 5443883906
4 3 143 118 59 -1 0.98 0.28 6521445787
4 3 143 78 39 -1 0.64 0.22 6953878241
4 3 143 90 47 -1 0.75 0.2 5086949655
4 3 143 107 53 -1 0.97 0.32 5504623444
4 3 143 95 48 -1 0.84 0.27 6657530949
4 3 153 125 62 -1 1.13 0.27 9021934988
4 3 153 100 51 -1 1.01 0.21 5812355244
4 3 153 149 77 -1 1.41 0.45 8820099181
4 3 153 105 53 -1 1.16 0.41 11796417319
4 3 153 99 49 -1 0.9 0.28 8275041989
4 3 153 67 34 -1 0.7 0.2 9194507869
4 3 153 92 47 -1 0.86 0.24 7595532358
4 3 153 94 48 -1 1.02 0.21 10811246821
4 3 153 94 47 -1 0.87 0.19 5541582887
4 3 153 115 57 -1 1.1 0.33 10014222946
4 3 163 166 83 -1 1.84 0.59 14314983532
4 3 163 128 65 -1 1.22 0.35 9034438810
4 3 163 137 70 -1 1.43 0.37 14945970734
4 3 163 118 59 -1 1.13 0.34 11928511259
4 3 163 116 59 -1 1.13 0.31 11357601836
4 3 163 127 65 -1 1.34 0.44 12155773274
4 3 163 106 53 -1 1.13 0.36 14623926528
4 3 163 127 63 -1 1.19 0.33 9874572049
4 3 163 87 44 -1 0.88 0.36 9169842010
4 3 163 95 47 -1 0.92 0.22 8760722962
4 3 173 94 49 -1 1.01 0.24 13103327952
4 3 173 101 52 -1 1.28 0.24 19590436168
4 3 173 82 41 -1 0.9 0.21 12978094966
4 3 173 122 62 -1 1.3 0.38 14869437586
4 3 173 78 39 -1 0.88 0.25 13305575083
4 3 173 90 45 -1 0.95 0.29 9634949543
4 3 173 101 50 -1 1.09 0.35 14743511059
4 3 173 109 54 -1 1.16 0.31 11186284649
4 3 173 104 52 -1 1.19 0.31 16520711523
4 3 173 100 50 -1 1.01 0.29 11678809630
4 3 183 93 47 -1 1.09 0.27 17971109600
4 3 183 102 52 -1 1.2 0.38 17049929906
4 3 183 98 50 -1 1.14 0.25 15822004167
4 3 183 132 66 -1 1.65 0.45 17302327494
4 3 183 124 64 -1 1.32 0.42 12810548672
4 3 183 78 39 -1 0.94 0.34 21842792298
4 3 183 113 56 -1 1.29 0.38 14771084619
4 3 183 83 42 -1 0.93 0.21 23064584099
4 3 183 102 51 -1 1.18 0.35 16455735001
4 3 183 87 43 -1 0.98 0.25 21333110929
4 3 193 109 55 -1 1.25 0.44 24383155634
4 3 193 137 70 -1 1.51 0.48 15605966002
4 3 193 107 53 -1 1.3 0.37 22312551745
4 3 193 113 58 -1 1.38 0.26 20062039411
4 3 193 95 48 -1 1.12 0.32 24377776638
4 3 193 119 60 -1 1.41 0.48 19344024364
4 3 193 97 49 -1 1.26 0.34 30142918149
4 3 193 113 57 -1 1.3 0.34 19641725957
4 3 193 120 60 -1 1.37 0.37 22953911251
4 3 193 107 54 -1 1.26 0.31 19799654177
4 3 203 123 61 -1 1.59 0.43 30395663472
4 3 203 83 41 -1 1.1 0.33 21544688490
4 3 203 98 49 -1 1.17 0.35 27312424835
4 3 203 101 51 -1 1.28 0.35 26450376919
4 3 203 112 56 -1 1.42 0.42 27992756056
4 3 203 88 44 -1 1.19 0.33 32766377073
4 3 203 91 45 -1 1.1 0.29 38477832954
4 3 203 113 56 -1 1.47 0.42 21739722860
4 3 203 114 57 -1 1.47 0.31 26892720473
4 3 203 92 47 -1 1.2 0.37 22406447713
4 3 213 103 52 -1 1.43 0.4 36356896671
4 3 213 121 61 -1 1.48 0.45 38350986111
4 3 213 148 75 -1 1.88 0.5 37412171067
4 3 213 109 54 -1 1.45 0.41 15980759577
4 3 213 111 58 -1 1.5 0.3 26960828786
4 3 213 125 62 -1 1.54 0.41 32805687692
4 3 213 134 68 -1 1.67 0.56 44181669450
4 3 213 92 47 -1 1.28 0.37 26533832573
4 3 213 106 53 -1 1.47 0.4 21566210277
4 3 213 111 57 -1 1.49 0.43 24195057882
4 3 223 117 60 -1 1.66 0.36 42278747753
4 3 223 112 56 -1 1.59 0.52 52742005037
4 3 223 151 76 -1 2.2 0.55 37284525734
4 3 223 114 58 -1 1.59 0.44 48440808808
4 3 223 79 39 -1 1.18 0.31 46298515532
4 3 223 125 66 -1 1.86 0.54 54754079233
4 3 223 98 49 -1 1.42 0.37 49317297028
4 3 223 105 53 -1 1.41 0.47 40139975679
4 3 223 104 52 -1 1.37 0.42 35085196174
4 3 223 97 50 -1 1.38 0.46 29848278388
4 3 233 118 59 -1 1.72 0.39 35771557762
4 3 233 125 62 -1 1.87 0.57 38237344756
4 3 233 97 49 -1 1.46 0.44 48707129942
4 3 233 100 51 -1 1.38 0.35 49356866339
4 3 233 90 45 -1 1.32 0.38 50260144968
4 3 233 102 51 -1 1.5 0.43 49149189029
4 3 233 108 55 -1 1.6 0.38 64397930323
4 3 233 90 45 -1 1.3 0.41 54656105228
4 3 233 139 70 -1 2.24 0.69 53176460387
4 3 233 104 52 -1 1.46 0.45 58335021965
4 3 243 107 55 -1 1.59 0.39 59095602381
4 3 243 125 64 -1 1.78 0.47 40226616055
4 3 243 156 79 -1 2.42 0.81 57901348347
4 3 243 111 56 -1 1.92 0.55 50941117225
4 3 243 92 46 -1 1.41 0.46 46514361918
4 3 243 158 82 -1 2.27 0.62 58935603483
4 3 243 174 88 -1 2.82 0.76 72428385923
4 3 243 137 69 -1 1.98 0.58 55861203878
4 3 243 128 65 -1 1.92 0.61 50108993641
4 3 243 133 67 -1 1.96 0.49 62084772532
4 3 253 99 50 -1 1.54 0.35 41828832057
4 3 253 113 59 -1 2.12 0.7 74946330500
4 3 253 104 52 -1 1.61 0.43 71777706452
4 3 253 121 60 -1 1.96 0.61 54049242507
4 3 253 122 63 -1 1.96 0.5 66030807543
4 3 253 135 68 -1 2.05 0.64 59110578998
4 3 253 105 52 -1 1.62 0.41 62077507756
4 3 253 108 55 -1 1.84 0.54 74117279386
4 3 253 107 54 -1 1.67 0.56 71258627036
4 3 253 115 57 -1 1.89 0.55 53944243453
4 3 263 122 61 -1 2.17 0.62 94979682906
4 3 263 166 83 -1 2.51 0.61 55287845945
4 3 263 111 55 -1 1.79 0.55 78384289677
4 3 263 140 72 -1 2.12 0.51 69708771979
4 3 263 139 69 -1 2.26 0.57 67330566824
4 3 263 140 71 -1 2.26 0.67 72192747980
4 3 263 120 60 -1 2.09 0.61 100478892011
4 3 263 104 54 -1 1.65 0.47 66643433773
4 3 263 110 55 -1 1.92 0.59 130127164071
4 3 263 86 43 -1 1.71 0.48 126968113671
4 3 273 98 49 -1 1.65 0.47 76643218022
4 3 273 122 62 -1 1.99 0.61 103765365410
4 3 273 137 70 -1 2.27 0.57 80202193051
4 3 273 99 49 -1 1.71 0.5 94344059053
4 3 273 107 56 -1 1.82 0.57 99765349087
4 3 273 161 81 -1 2.46 0.59 53949211371
4 3 273 147 74 -1 2.5 0.76 134872732819
4 3 273 122 63 -1 2.06 0.65 93211706197
4 3 273 113 57 -1 1.91 0.41 92847049193
4 3 273 157 79 -1 2.51 0.59 111565349420
4 3 283 105 54 -1 1.98 0.6 141102319350
4 3 283 151 76 -1 2.54 0.77 75069968226
4 3 283 132 66 -1 2.36 0.73 135349219537
4 3 283 126 65 -1 2.22 0.59 146298488702
4 3 283 105 53 -1 1.97 0.48 96302863041
4 3 283 94 47 -1 1.78 0.5 164589867274
4 3 283 127 64 -1 2.33 0.63 75831415372
4 3 283 137 70 -1 2.49 0.7 98655611938
4 3 283 109 55 -1 1.94 0.48 162202250296
4 3 283 143 75 -1 2.84 0.9 149373869167
4 3 293 95 48 -1 1.75 0.53 149367097391
4 3 293 98 49 -1 1.8 0.48 89404137842
4 3 293 106 54 -1 2 0.62 128903150623
4 3 293 100 50 -1 1.88 0.5 117384264561
4 3 293 104 52 -1 2 0.58 97568060140
4 3 293 119 59 -1 2.18 0.61 117703412780
4 3 293 140 71 -1 2.43 0.61 110466954285
4 3 293 115 57 -1 2.23 0.7 112147710648
4 3 293 113 57 -1 2.22 0.61 121559699594
4 3 293 83 42 -1 1.56 0.4 158577197974
4 3 303 118 59 -1 2.14 0.51 147651382828
4 3 303 120 61 -1 2.29 0.54 164021830529
4 3 303 122 63 -1 2.46 0.68 140640374845
4 3 303 148 74 -1 2.64 0.69 136007274081
4 3 303 127 63 -1 2.45 0.57 197435004734
4 3 303 103 52 -1 1.94 0.46 130911324146
4 3 303 143 71 -1 2.64 0.65 130085298825
4 3 303 175 89 -1 3.14 0.78 201165845276
4 3 303 110 56 -1 2.12 0.59 185890141756
4 3 303 144 72 -1 2.5 0.63 92874744387
4 3 313 152 77 -1 2.94 0.74 165853305710
4 3 313 133 68 -1 2.45 0.58 178160133565
4 3 313 131 66 -1 2.62 0.6 138776111872
4 3 313 148 76 -1 2.76 0.76 142717859254
4 3 313 102 51 -1 1.99 0.58 143060906175
4 3 313 105 52 -1 2.04 0.55 170263555055
4 3 313 127 64 -1 2.32 0.58 130333727570
4 3 313 179 90 -1 3.97 1.12 164297253107
4 3 313 109 55 -1 2.23 0.58 177076201230
4 3 313 149 74 -1 2.85 0.75 172248909022
4 3 323 99 49 -1 2 0.43 133311984634
4 3 323 138 70 -1 2.74 0.65 176740890870
4 3 323 120 61 -1 2.34 0.68 154985040573
4 3 323 117 58 -1 2.63 0.72 168160167559
4 3 323 98 50 -1 2.03 0.48 227393937666
4 3 323 146 73 -1 3.24 0.88 256117257855
4 3 323 107 54 -1 2.28 0.57 251532347191
4 3 323 114 57 -1 2.34 0.72 235863080412
4 3 323 134 67 -1 2.89 0.79 207159431478
4 3 323 155 78 -1 2.96 0.86 157527343520
4 3 333 126 64 -1 2.38 0.62 165801729574
4 3 333 131 67 -1 2.72 0.61 178671846184
4 3 333 109 54 -1 2.31 0.6 281092243351
4 3 333 175 89 -1 3.67 0.97 184721342695
4 3 333 106 53 -1 2.28 0.71 200421044153
4 3 333 136 69 -1 2.77 0.73 214012474118
4 3 333 100 51 -1 2.08 0.53 233962864003
4 3 333 247 126 -1 4.87 1.32 221396794786
4 3 333 97 49 -1 2.23 0.56 240889153139
4 3 333 143 71 -1 2.88 0.8 234976223617
4 3 343 106 53 -1 2.48 0.68 209023290510
4 3 343 107 54 -1 2.35 0.66 201560205991
4 3 343 106 53 -1 2.32 0.63 204176508802
4 3 343 125 62 -1 2.66 0.68 218852735056
4 3 343 101 52 -1 2.3 0.65 317176843890
4 3 343 125 63 -1 2.74 0.78 232241454888
4 3 343 94 47 -1 2.09 0.59 312169645317
4 3 343 104 52 -1 2.18 0.52 293461189617
4 3 343 121 61 -1 2.9 0.79 238719023575
4 3 343 129 64 -1 2.8 0.93 274315130934
4 3 353 136 70 -1 2.86 0.88 323129054410
4 3 353 144 73 -1 3.1 0.91 285708888315
4 3 353 105 54 -1 2.34 0.72 282988325310
4 3 353 120 61 -1 2.99 0.79 216496518724
4 3 353 116 58 -1 2.6 0.68 262166777982
4 3 353 94 48 -1 2.14 0.59 273575611320
4 3 353 130 65 -1 3.02 0.88 319954747365
4 3 353 125 64 -1 3.04 0.86 268949743917
input13_1

input13_0

input13_9

input13_8

input13_4

input13_2

input13_7

input13_6

input13_5

input13_3

input23_3

input23_4

input23_6

input23_0

input23_1

input23_2

input23_7

input23_8

input23_9

input23_5

input33_7

input33_0

input33_8

input33_9

input33_6

input33_3

input33_1

input33_2

input33_4

input33_5

input43_7

input43_6

input43_0

input43_4

input43_9

input43_8

input43_2

input43_1

input43_3

input43_5

input53_6

input53_8

input53_9

input53_7

input53_3

input53_4

input53_2

input53_0

input53_5

input53_1

input63_5

input63_9

input63_3

input63_6

input63_4

input63_8

input63_1

input63_0

input63_7

input63_2

input73_6

input73_0

input73_9

input73_5

input73_8

input73_3

input73_7

input73_4

input73_1

input73_2

input83_5

input83_1

input83_0

input83_7

input83_2

input83_9

input83_3

input83_4

input83_6

input83_8

input93_0

input93_3

input93_6

input93_2

input93_7

input93_1

input93_9

input93_4

input93_8

input93_5

input103_3

input103_1

input103_7

input103_9

input103_0

input103_5

input103_6

input103_4

input103_8

input103_2

input113_3

input113_2

input113_9

input113_0

input113_8

input113_4

input113_6

input113_1

input113_7

input113_5

input123_3

input123_5

input123_2

input123_9

input123_1

input123_0

input123_6

input123_7

input123_4

input123_8

input133_1

input133_9

input133_2

input133_6

input133_7

input133_8

input133_4

input133_3

input133_0

input133_5

input143_2

input143_4

input143_7

input143_3

input143_9

input143_6

input143_0

input143_1

input143_8

input143_5

input153_3

input153_2

input153_4

input153_9

input153_8

input153_5

input153_6

input153_7

input153_1

input153_0

input163_9

input163_4

input163_0

input163_1

input163_8

input163_3

input163_6

input163_5

input163_7

input163_2

input173_7

input173_8

input173_5

input173_2

input173_1

input173_6

input173_9

input173_3

input173_4

input173_0

input183_4

input183_0

input183_9

input183_1

input183_6

input183_2

input183_7

input183_8

input183_5

input183_3

input193_2

input193_8

input193_0

input193_9

input193_3

input193_7

input193_5

input193_1

input193_6

input193_4

input203_2

input203_6

input203_8

input203_5

input203_0

input203_7

input203_3

input203_4

input203_1

input203_9

input213_1

input213_9

input213_8

input213_7

input213_5

input213_4

input213_3

input213_0

input213_2

input213_6

input223_5

input223_4

input223_7

input223_1

input223_6

input223_3

input223_8

input223_2

input223_9

input223_0

input233_5

input233_4

input233_7

input233_1

input233_9

input233_8

input233_3

input233_2

input233_6

input233_0

input243_6

input243_4

input243_5

input243_8

input243_3

input243_1

input243_9

input243_2

input243_7

input243_0

input253_1

input253_9

input253_5

input253_4

input253_8

input253_2

input253_7

input253_0

input253_6

input253_3

input263_0

input263_6

input263_1

input263_8

input263_5

input263_3

input263_7

input263_4

input263_2

input263_9

input273_5

input273_8

input273_2

input273_1

input273_0

input273_9

input273_4

input273_7

input273_3

input273_6

input283_1

input283_2

input283_9

input283_7

input283_0

input283_8

input283_3

input283_4

input283_6

input283_5

input293_2

input293_1

input293_3

input293_6

input293_0

input293_5

input293_8

input293_4

input293_9

input293_7

input303_6

input303_8

input303_5

input303_7

input303_0

input303_2

input303_1

input303_9

input303_3

input303_4

input313_1

input313_2

input313_7

input313_6

input313_3

input313_4

input313_5

input313_8

input313_0

input313_9

input323_8

input323_0

input323_2

input323_4

input323_3

input323_1

input323_9

input323_5

input323_7

input323_6

input333_9

input333_4

input333_3

input333_1

input333_8

input333_2

input333_5

input333_0

input333_7

input333_6

input343_7

input343_5

input343_3

input343_4

input343_2

input343_6

input343_0

input343_9

input343_8

input343_1

input353_1

input353_7

input353_8

input353_6

input353_5

input353_4

input353_9

input353_2

input353_04 3 353 103 51 -1 2.56 0.72 254488923459
4 3 353 124 62 -1 2.74 0.7 300835964061
4 3 363 112 57 -1 2.75 0.76 286667909498
4 3 363 121 61 -1 3 0.77 275725181916
4 3 363 87 44 -1 2.11 0.59 288351266256
4 3 363 120 61 -1 2.59 0.7 324486600329
4 3 363 156 78 -1 3.34 0.8 311682232818
4 3 363 136 69 -1 3 0.67 207204299181
4 3 363 134 67 -1 2.91 0.82 306127474822
4 3 363 113 56 -1 2.73 0.77 277715233479
4 3 363 121 61 -1 2.69 0.65 323728858852
4 3 363 123 61 -1 2.73 0.76 334824483679
4 3 373 154 77 -1 3.27 0.96 272032650036
4 3 373 159 82 -1 3.71 1.06 322254151511
4 3 373 150 76 -1 3.24 0.77 337173976339
4 3 373 142 71 -1 3.11 0.82 390698741848
4 3 373 102 51 -1 2.76 0.85 245486072354
4 3 373 124 63 -1 2.94 0.74 394156884633
4 3 373 130 66 -1 2.81 0.68 229673422965
4 3 373 150 76 -1 3.6 0.96 387262388341
4 3 373 116 59 -1 2.81 0.72 469095352180
4 3 373 121 61 -1 3 0.8 315344110275
4 3 383 113 56 -1 2.96 0.72 326581233076
4 3 383 129 65 -1 3.15 0.77 492993056557
4 3 383 123 62 -1 3.3 0.92 395426002624
4 3 383 97 49 -1 2.57 0.68 346924224673
4 3 383 100 50 -1 2.38 0.58 456915123844
4 3 383 117 58 -1 3.22 0.94 553944154867
4 3 383 101 50 -1 2.55 0.73 459284069887
4 3 383 141 72 -1 3.91 1.09 537587293237
4 3 383 140 70 -1 3.53 1.01 417310962760
4 3 383 123 62 -1 3.13 0.87 422279859251
4 3 393 105 53 -1 2.61 0.73 338528112542
4 3 393 136 69 -1 3.14 0.77 402816194964
4 3 393 121 60 -1 3.07 0.99 359128011039
4 3 393 121 60 -1 3.02 0.88 384777814131
4 3 393 110 55 -1 2.73 0.85 336595479100
4 3 393 137 69 -1 3.31 0.94 345539260949
4 3 393 109 55 -1 2.82 0.76 431189989633
4 3 393 112 56 -1 2.98 0.91 406215984374
4 3 393 117 58 -1 2.95 0.7 503815190268
4 3 393 120 60 -1 2.97 0.8 308318693622
4 3 403 133 67 -1 3.24 0.79 426031627738
4 3 403 111 56 -1 2.78 0.67 356483037037
4 3 403 132 66 -1 3.34 0.83 453720345694
4 3 403 144 72 -1 4.16 1.19 360729692827
4 3 403 110 56 -1 2.86 0.84 656012515075
4 3 403 128 65 -1 3.47 0.85 387263941737
4 3 403 145 74 -1 3.59 0.98 520148106823
4 3 403 108 54 -1 2.88 0.79 445155423394
4 3 403 101 50 -1 2.48 0.53 582105216130
4 3 403 111 55 -1 2.76 0.69 532199666056
4 3 413 159 81 -1 3.81 1.14 513439468583
4 3 413 150 76 -1 3.64 0.81 666497905657
4 3 413 124 63 -1 3.57 0.88 670134223363
4 3 413 120 61 -1 3.24 0.91 598877380547
4 3 413 128 65 -1 3.25 0.76 650181790448
4 3 413 114 58 -1 3.12 0.75 501214091985
4 3 413 120 61 -1 3.25 0.89 523088153203
4 3 413 145 72 -1 3.57 0.77 516684145990
4 3 413 95 47 -1 2.52 0.65 727980314663
4 3 413 125 64 -1 3.05 0.78 458657725315
4 3 423 101 50 -1 2.91 0.74 523254275907
4 3 423 137 68 -1 3.5 0.79 577663871383
4 3 423 162 82 -1 4.99 1.44 741841240152
4 3 423 172 88 -1 4.15 1.14 478283737311
4 3 423 119 60 -1 3.05 0.66 597682309635
4 3 423 107 53 -1 2.98 0.93 624561213988
4 3 423 144 73 -1 3.64 0.92 487925043836
4 3 423 116 59 -1 3.29 0.84 579591628025
4 3 423 117 59 -1 3.15 0.87 635944219946
4 3 423 149 75 -1 4.06 1.08 479369387678
4 3 433 120 61 -1 3.23 0.71 541067664933
4 3 433 147 73 -1 3.73 0.92 439225538488
4 3 433 119 60 -1 3.41 0.87 654283890447
4 3 433 137 70 -1 4.18 1.09 684577554387
4 3 433 107 55 -1 2.94 0.82 714538524310
4 3 433 151 76 -1 3.89 1.06 639723075297
4 3 433 126 63 -1 3.42 0.86 600770039981
4 3 433 129 64 -1 3.64 1.06 593790430839
4 3 433 113 58 -1 3.17 0.82 532323084768
4 3 433 144 72 -1 4.02 1.11 489776303168
4 3 443 158 79 -1 4.37 1.18 604853885217
4 3 443 129 66 -1 3.49 0.76 538725530286
4 3 443 124 62 -1 3.37 0.96 600008233200
4 3 443 102 51 -1 2.82 0.72 610403610464
4 3 443 157 80 -1 4.39 1.12 648611686684
4 3 443 127 64 -1 3.49 0.87 763029530989
4 3 443 160 80 -1 4.27 1.13 749120922671
4 3 443 106 53 -1 2.77 0.66 683244713121
4 3 443 123 62 -1 3.5 1 807197909716
4 3 443 126 65 -1 3.51 0.91 921716740657
4 3 453 135 68 -1 3.75 1.02 1008659443601
4 3 453 115 58 -1 3.26 0.78 875978436752
4 3 453 117 59 -1 3.32 0.84 603242332580
4 3 453 121 61 -1 2.99 0.64 821793863027
4 3 453 125 63 -1 3.62 0.93 713011742781
4 3 453 140 70 -1 3.95 0.93 661111860463
4 3 453 146 74 -1 3.97 1.07 749166275971
4 3 453 152 76 -1 4.13 1.06 549829514831
4 3 453 117 58 -1 3.47 0.99 906573821887
4 3 453 123 61 -1 3.7 0.9 826845011946
4 3 463 99 49 -1 2.95 0.73 945032813104
4 3 463 125 63 -1 3.71 1.07 1015597896804
4 3 463 130 65 -1 3.67 0.99 861833612930
4 3 463 153 77 -1 4.72 1.22 798915795072
4 3 463 141 72 -1 4.23 1.13 599006027990
4 3 463 115 57 -1 3.48 0.78 913868303400
4 3 463 119 60 -1 3.52 1.1 409474418476
4 3 463 128 64 -1 3.65 0.93 887171790555
4 3 463 124 62 -1 3.56 0.89 863904194405
4 3 463 109 54 -1 3.13 0.81 918001410686
4 3 473 124 62 -1 4.03 0.99 922607456123
4 3 473 153 78 -1 4.21 1.03 946207210671
4 3 473 144 72 -1 4.26 1.07 848772345063
4 3 473 136 68 -1 3.91 0.97 862947917986
4 3 473 125 62 -1 3.78 0.98 881653909292
4 3 473 122 61 -1 3.68 1.01 876456992325
4 3 473 136 69 -1 4.22 1.15 996571157709
4 3 473 137 70 -1 3.92 1.03 623086880365
4 3 473 150 77 -1 4.12 1.13 952865775905
4 3 473 128 65 -1 3.75 0.97 726853134168
4 3 483 146 73 -1 4.57 1.27 1100404693946
4 3 483 124 63 -1 3.76 1.01 1020674853409
4 3 483 107 53 -1 3.48 0.86 1348381338570
4 3 483 101 50 -1 3.2 0.8 1182448977420
4 3 483 116 60 -1 3.38 0.85 901367863840
4 3 483 148 77 -1 4.36 1.02 773734602200
4 3 483 110 56 -1 3.47 0.87 591158814376
4 3 483 127 63 -1 3.64 0.9 1084803754634
4 3 483 171 86 -1 4.85 1.27 1081142207676
4 3 483 119 59 -1 3.5 0.85 986110025881
4 3 493 111 57 -1 3.37 0.79 1023567690549
4 3 493 116 59 -1 3.75 0.99 794845215545
4 3 493 113 56 -1 3.63 0.85 906301494885
4 3 493 128 64 -1 3.97 0.96 1303263382282
4 3 493 141 72 -1 4.28 1.18 752821639864
4 3 493 141 71 -1 4.74 1.18 919150941664
4 3 493 132 66 -1 4.1 1.03 1353840814687
4 3 493 125 63 -1 3.9 1.03 1211527766037
4 3 493 167 85 -1 4.91 1.31 902636633006
4 3 493 143 72 -1 4.33 1.11 1056583557124


input353_3

input363_4

input363_7

input363_6

input363_9

input363_5

input363_2

input363_1

input363_8

input363_3

input363_0

input373_1

input373_5

input373_9

input373_6

input373_7

input373_3

input373_2

input373_4

input373_8

input373_0

input383_8

input383_1

input383_6

input383_4

input383_3

input383_2

input383_7

input383_5

input383_0

input383_9

input393_2

input393_9

input393_3

input393_7

input393_6

input393_8

input393_1

input393_0

input393_5

input393_4

input403_5

input403_7

input403_0

input403_4

input403_1

input403_3

input403_6

input403_8

input403_9

input403_2

input413_2

input413_3

input413_6

input413_0

input413_7

input413_8

input413_5

input413_1

input413_4

input413_9

input423_8

input423_9

input423_4

input423_0

input423_6

input423_1

input423_7

input423_5

input423_3

input423_2

input433_5

input433_0

input433_8

input433_4

input433_7

input433_3

input433_2

input433_9

input433_1

input433_6

input443_6

input443_3

input443_7

input443_0

input443_1

input443_4

input443_5

input443_2

input443_8

input443_9

input453_4

input453_1

input453_9

input453_6

input453_0

input453_7

input453_5

input453_3

input453_8

input453_2

input463_4

input463_9

input463_5

input463_3

input463_8

input463_0

input463_1

input463_2

input463_6

input463_7

input473_8

input473_5

input473_9

input473_7

input473_1

input473_0

input473_4

input473_6

input473_3

input473_2

input483_8

input483_9

input483_5

input483_4

input483_1

input483_0

input483_7

input483_3

input483_6

input483_2

input493_1

input493_9

input493_0

input493_6

input493_5

input493_7

input493_2

input493_8

input493_3

input493_4

