4 3 10 33 15 -1 0.03 0 97592
4 3 10 32 14 -1 0.02 0 191240
4 3 10 27 13 -1 0.01 0 258516
4 3 10 25 11 -1 0.01 0 423639
4 3 10 24 12 -1 0.02 0.01 651764
4 3 10 29 13 -1 0.02 0 328166
4 3 10 29 14 -1 0.02 0.01 560680
4 3 10 28 12 -1 0.02 0.02 1797008
4 3 10 28 13 -1 0.01 0 454232
4 3 10 32 15 -1 0.02 0.01 457980
4 3 20 54 28 -1 0.08 0.01 248085953
4 3 20 61 30 -1 0.1 0.02 665140067
4 3 20 63 31 -1 0.08 0.04 253173444
4 3 20 56 28 -1 0.11 0.03 654629520
4 3 20 66 33 -1 0.1 0.03 194134229
4 3 20 53 26 -1 0.08 0.03 234426189
4 3 20 47 24 -1 0.07 0.02 154779844
4 3 20 37 19 -1 0.06 0.01 250756182
4 3 20 64 32 -1 0.09 0.04 320521116
4 3 20 56 28 -1 0.08 0.02 217554147
4 3 30 77 39 -1 0.17 0.02 10266934608
4 3 30 70 35 -1 0.15 0.04 16506455286
4 3 30 87 43 -1 0.21 0.11 6008595658
4 3 30 94 47 -1 0.22 0.07 7014003802
4 3 30 73 36 -1 0.18 0.06 8757261074
4 3 30 55 27 -1 0.12 0.04 9121644187
4 3 30 93 46 -1 0.22 0.12 11296577846
4 3 30 55 27 -1 0.12 0.05 11648074552
4 3 30 75 37 -1 0.19 0.07 9364658895
4 3 30 73 37 -1 0.17 0.04 9786617056
4 3 40 95 48 -1 0.27 0.07 103681329029
4 3 40 102 51 -1 0.31 0.08 92565735885
4 3 40 70 35 -1 0.2 0.1 98660626301
4 3 40 90 46 -1 0.28 0.07 127657032156
4 3 40 87 44 -1 0.29 0.11 40693366791
4 3 40 93 47 -1 0.29 0.12 76658216586
4 3 40 84 42 -1 0.24 0.1 106966380257
4 3 40 93 47 -1 0.28 0.09 94310137044
4 3 40 92 46 -1 0.27 0.09 67472953774
4 3 40 95 48 -1 0.29 0.05 45809116055
4 3 50 66 33 -1 0.27 0.07 891948616916
4 3 50 90 46 -1 0.33 0.14 299125844790
4 3 50 79 39 -1 0.3 0.06 454032668264
4 3 50 116 58 -1 0.38 0.09 214421167219
4 3 50 118 59 -1 0.44 0.13 279038165041
4 3 50 93 47 -1 0.36 0.15 265084335170
4 3 50 103 51 -1 0.4 0.12 355495224040
4 3 50 106 54 -1 0.4 0.12 345923546335
4 3 50 70 35 -1 0.24 0.08 291114095107
4 3 50 99 50 -1 0.36 0.1 565465948317
4 3 60 89 45 -1 0.4 0.11 4666201626822
4 3 60 91 45 -1 0.39 0.18 3431344375883
4 3 60 111 56 -1 0.48 0.11 1649652981203
4 3 60 161 82 -1 0.72 0.24 2429435740320
4 3 60 129 66 -1 0.61 0.12 2446307351285
4 3 60 89 45 -1 0.39 0.11 2223177233824
4 3 60 113 57 -1 0.46 0.21 2232197195621
4 3 60 129 66 -1 0.65 0.16 2591115218944
4 3 60 108 54 -1 0.49 0.17 2326925725017
4 3 60 81 41 -1 0.35 0.08 3048569319169
4 3 70 105 53 -1 0.56 0.16 7284222863828
4 3 70 156 81 -1 0.76 0.22 4019034917366
4 3 70 135 70 -1 0.68 0.22 4240473952249
4 3 70 120 60 -1 0.64 0.17 6919324835489
4 3 70 103 51 -1 0.5 0.15 6095171558161
4 3 70 76 38 -1 0.42 0.15 6781835640415
4 3 70 121 61 -1 0.67 0.21 10407608898339
4 3 70 110 56 -1 0.58 0.15 6693413788296
4 3 70 92 46 -1 0.43 0.12 7628280843817
4 3 70 110 56 -1 0.56 0.2 7017379555235
4 3 80 87 43 -1 0.47 0.15 18737819349532
4 3 80 136 70 -1 0.68 0.21 11968871708532
4 3 80 108 55 -1 0.57 0.13 22197371413919
4 3 80 151 77 -1 0.85 0.21 14443868251257
4 3 80 130 66 -1 0.78 0.27 14602860683798
4 3 80 113 57 -1 0.7 0.21 23113025857188
4 3 80 84 42 -1 0.48 0.17 17181187320573
4 3 80 129 66 -1 0.76 0.23 20746654795804
4 3 80 131 66 -1 0.69 0.18 15672524830898
4 3 80 86 43 -1 0.47 0.14 12787968302254
4 3 90 149 74 -1 0.92 0.27 60247520307594
4 3 90 126 63 -1 0.82 0.23 29423899001668
4 3 90 150 75 -1 0.99 0.31 30038979548127
4 3 90 79 39 -1 0.55 0.21 51298580621137
4 3 90 134 68 -1 0.84 0.13 34321910955980
4 3 90 124 62 -1 0.73 0.22 34460413164541
4 3 90 110 55 -1 0.72 0.18 44673347011421
4 3 90 107 54 -1 0.65 0.21 49435956486230
4 3 90 100 51 -1 0.7 0.19 85154591688848
4 3 90 113 56 -1 0.71 0.21 61770810859858
4 3 100 106 54 -1 0.76 0.17 80404041691162
4 3 100 97 49 -1 0.7 0.19 91930677655792
4 3 100 134 68 -1 0.92 0.2 101522290756954
4 3 100 130 66 -1 0.92 0.26 126870187324461
4 3 100 149 76 -1 1.1 0.28 89626977374584
4 3 100 110 56 -1 0.88 0.19 109132608637353
4 3 100 131 65 -1 1.01 0.27 82670034231867
4 3 100 124 62 -1 0.91 0.27 119458715211040
4 3 100 138 70 -1 0.98 0.26 65509607703511
4 3 100 117 58 -1 0.83 0.24 58975450062982
4 3 110 106 54 -1 0.83 0.25 142464869784809
4 3 110 142 72 -1 1.25 0.36 292396903636448
4 3 110 115 59 -1 0.84 0.22 192293450767070
4 3 110 110 56 -1 0.86 0.31 148254337426492
4 3 110 84 42 -1 0.73 0.22 222600603149255
4 3 110 150 76 -1 1.14 0.29 135938176777459
4 3 110 127 64 -1 0.96 0.3 138889755930484
4 3 110 117 59 -1 0.91 0.27 221206199593269
4 3 110 130 66 -1 1.07 0.27 151282348102134
4 3 110 110 56 -1 0.93 0.29 103516678992596
4 3 120 166 86 -1 1.31 0.31 253643900978384
4 3 120 101 51 -1 0.86 0.23 480709503170634
4 3 120 135 69 -1 1.14 0.31 368670573838256
4 3 120 130 67 -1 1.13 0.31 265701682410209
4 3 120 164 82 -1 1.37 0.31 390084366802763
4 3 120 111 57 -1 0.94 0.32 314638973554123
4 3 120 158 82 -1 1.27 0.45 333916508404896
4 3 120 153 78 -1 1.16 0.31 207527855999481
4 3 120 123 62 -1 1.09 0.25 474363258906760
4 3 120 148 75 -1 1.2 0.29 290606836558360
4 3 130 136 69 -1 1.17 0.33 458062247804403
4 3 130 129 66 -1 1.18 0.3 471782762130113
4 3 130 147 74 -1 1.25 0.4 464261957004554
4 3 130 122 62 -1 1.1 0.31 557793512514334
4 3 130 128 66 -1 1.14 0.34 580891005189645
4 3 130 109 55 -1 1.19 0.36 1025534974999630
4 3 130 123 62 -1 1.03 0.33 704788872702637
4 3 130 110 55 -1 0.98 0.36 556354338764146
4 3 130 139 72 -1 1.27 0.46 495080314057338
4 3 130 126 63 -1 1.17 0.28 670264001022251
4 3 140 116 58 -1 1.22 0.46 1376155724115952
4 3 140 124 62 -1 1.18 0.4 1461922904861921
4 3 140 181 94 -1 1.76 0.49 1083313536362844
4 3 140 175 90 -1 1.95 0.63 1292421958269842
4 3 140 170 85 -1 1.99 0.58 2406180522873538
4 3 140 170 86 -1 1.59 0.44 1062767884202248
4 3 140 198 100 -1 1.88 0.55 898128103106738
4 3 140 142 72 -1 1.44 0.55 1062237546037382
4 3 140 146 73 -1 1.45 0.43 903261743556010
4 3 140 131 67 -1 1.42 0.51 1008476060646567
4 3 150 135 70 -1 1.52 0.49 2880978052268300
4 3 150 156 80 -1 1.82 0.68 2658695617871077
4 3 150 133 67 -1 1.4 0.41 2359230633919116
4 3 150 172 88 -1 1.9 0.59 1669648081891949
4 3 150 115 57 -1 1.16 0.46 1459111031116937
4 3 150 237 119 -1 2.34 0.68 1098133147283978
4 3 150 144 75 -1 1.6 0.55 2033078719964019
4 3 150 123 61 -1 1.29 0.32 1541401202057329
4 3 150 126 64 -1 1.35 0.39 1736218584760638
4 3 150 130 66 -1 1.41 0.44 1382834540653767
4 3 160 166 86 -1 1.9 0.6 2856603652940429
4 3 160 133 67 -1 1.72 0.4 3594491951802691
4 3 160 213 108 -1 2.39 0.61 2417119187230258
4 3 160 164 83 -1 1.9 0.52 2899118808965094
4 3 160 165 86 -1 1.94 0.64 2868615464342307
4 3 160 130 65 -1 1.44 0.31 2706338326613777
4 3 160 132 66 -1 1.45 0.4 2282276368287141
4 3 160 195 99 -1 2.11 0.59 2064405116174006
4 3 160 161 82 -1 1.89 0.52 3112612508456115
4 3 160 151 78 -1 2.01 0.65 4341402348623403
4 3 170 238 122 -1 3.02 0.71 2680768203286408
4 3 170 139 70 -1 1.61 0.52 3018308076251648
4 3 170 160 80 -1 1.97 0.46 3270422402178982
4 3 170 142 73 -1 1.68 0.49 3289448574898709
4 3 170 175 90 -1 2.09 0.68 6565128178648303
4 3 170 173 87 -1 2.24 0.65 4999468344066635
4 3 170 145 72 -1 1.71 0.43 4129915619618876
4 3 170 205 105 -1 2.7 0.84 5578400013594499
4 3 170 191 96 -1 2.63 0.73 5894942447311955
4 3 170 131 65 -1 1.65 0.51 4598392073036007
4 3 180 143 72 -1 1.91 0.57 3796243670151535
4 3 180 120 60 -1 1.55 0.4 5550408167924386
4 3 180 126 65 -1 1.68 0.53 7207405071489446
4 3 180 139 71 -1 1.83 0.53 6470118497682066
4 3 180 171 86 -1 2.22 0.65 6718044002635192
4 3 180 92 46 -1 1.19 0.3 6539901005402747
4 3 180 180 91 -1 2.3 0.65 8262807488041231
4 3 180 199 101 -1 2.57 0.6 6869828734308732
4 3 180 129 64 -1 1.65 0.4 4389874336576120
4 3 180 184 95 -1 2.51 0.85 9167305449728618
4 3 190 168 86 -1 2.27 0.66 9704600287256768
4 3 190 144 72 -1 1.92 0.49 14912049331079529
4 3 190 115 58 -1 1.59 0.51 10960259753952082
4 3 190 147 74 -1 2.22 0.64 7147057415201369
4 3 190 129 64 -1 1.88 0.53 11004297838559665
4 3 190 226 115 -1 2.98 0.79 5746668825513634
4 3 190 180 92 -1 2.44 0.64 9676183223072897
4 3 190 173 90 -1 2.48 0.71 8419288122752345
4 3 190 172 88 -1 2.37 0.84 12642283905371626
4 3 190 117 60 -1 1.76 0.49 11265222933494086
4 3 200 143 72 -1 1.98 0.6 12840311778537030
4 3 200 156 79 -1 2.17 0.71 13357940321681440
4 3 200 171 86 -1 2.42 0.77 16615913885877778
4 3 200 142 72 -1 2.05 0.65 12772508693718833
4 3 200 146 73 -1 2.08 0.55 13258157877652232
4 3 200 178 89 -1 2.53 0.75 15111211980889204
4 3 200 146 74 -1 2.08 0.58 13647901659024011
4 3 200 132 67 -1 1.89 0.63 14018131716819835
4 3 200 114 58 -1 1.72 0.41 13655356884981624
4 3 200 145 73 -1 2.21 0.58 11913517545185605
4 3 210 138 72 -1 2.1 0.59 28364453139006700
4 3 210 204 104 -1 3.15 0.87 31787993341080334
4 3 210 143 73 -1 2.15 0.71 22196815978321878
4 3 210 142 72 -1 2.13 0.6 18186733190616215
4 3 210 160 80 -1 2.38 0.74 27960686028878675
4 3 210 127 64 -1 1.99 0.53 21229924265603821
4 3 210 134 68 -1 2.08 0.7 24482031487813776
4 3 210 189 99 -1 2.97 0.94 27363291124364444
4 3 210 203 103 -1 3.25 0.94 18920484283989862
4 3 210 165 83 -1 2.51 0.52 14728496239134624
4 3 220 228 117 -1 3.69 1.09 20090792426247190
4 3 220 170 87 -1 2.74 0.8 44745154316363801
4 3 220 142 71 -1 2.29 0.67 35775196294793956
4 3 220 127 65 -1 2.37 0.61 35285167528239681
4 3 220 146 74 -1 2.27 0.56 21354745657007844
4 3 220 116 58 -1 1.88 0.57 31998726318111097
4 3 220 189 97 -1 3.01 0.9 22751913531361125
4 3 220 189 96 -1 3.01 0.96 24724902788129867
4 3 220 117 59 -1 2.11 0.62 31318551657209878
4 3 220 236 122 -1 3.71 1 27835468565316648
4 3 230 199 100 -1 3.3 1 42380352530645030
4 3 230 134 67 -1 2.29 0.63 47056131860549440
4 3 230 141 72 -1 2.38 0.56 39025626081642285
4 3 230 212 107 -1 3.58 1.07 38038677529084079
4 3 230 156 81 -1 2.64 0.78 49782356051716570
4 3 230 201 101 -1 3.21 1.02 35489187194789779
4 3 230 279 144 -1 4.72 1.45 36960232033853061
4 3 230 153 77 -1 2.93 0.94 29780001020422383
4 3 230 161 83 -1 2.6 0.78 39881403120610504
4 3 230 145 75 -1 2.65 0.89 29023772396625910
4 3 240 118 59 -1 2.22 0.71 40059907144877540
4 3 240 207 106 -1 3.76 1.11 70790729097425636
4 3 240 113 57 -1 2.02 0.74 51120285791209899
4 3 240 164 83 -1 2.97 0.76 38213251823902794
4 3 240 169 86 -1 3 0.92 61218543259569300
4 3 240 207 105 -1 3.41 0.96 79927858796500613
4 3 240 106 53 -1 2.13 0.7 27310358524386522
4 3 240 153 77 -1 2.71 0.75 80526868053995948
4 3 240 156 79 -1 2.81 0.85 64897931433918464
4 3 240 215 109 -1 3.78 0.94 40649378769020991
4 3 250 181 91 -1 3.37 1.01 57420251733726051
4 3 250 154 79 -1 2.96 0.74 58912887224946706
4 3 250 171 87 -1 3.36 1.07 72676777543507760
4 3 250 212 108 -1 3.84 1.09 65838968982944143
4 3 250 130 65 -1 2.43 0.73 61288454964683678
4 3 250 126 63 -1 2.36 0.69 76280281804817417
4 3 250 173 87 -1 3.11 0.96 67768757781962986
4 3 250 178 91 -1 3.37 1 80599034032724394
4 3 250 122 61 -1 2.27 0.62 46537170426939034
4 3 250 197 100 -1 3.38 0.99 66459462464304898
4 3 260 147 76 -1 2.77 0.84 101485354877769534
4 3 260 214 109 -1 4.57 1.33 141207882339582165
4 3 260 180 92 -1 3.39 0.99 86980274845672568
4 3 260 174 89 -1 3.15 0.99 71267145557724203
4 3 260 216 111 -1 3.97 1.16 126437765497995923
4 3 260 237 121 -1 4.53 1.3 99165611510924153
4 3 260 140 71 -1 2.67 0.84 81365454688117773
4 3 260 162 82 -1 3.01 0.82 67134393971912630
4 3 260 200 101 -1 3.79 0.99 92245296291604065
4 3 260 183 94 -1 3.37 0.93 105843870907798349
4 3 270 167 85 -1 3.5 1.09 147510398739554099
4 3 270 218 110 -1 4.21 1.09 73033182707080940
4 3 270 164 83 -1 3.32 0.99 159712333086307262
4 3 270 170 86 -1 3.34 1.02 176039865064176929
4 3 270 146 75 -1 2.85 1 144638161527083735
4 3 270 177 91 -1 3.54 1.04 140081981941428649
4 3 270 168 86 -1 3.59 1.03 72439176423239779
4 3 270 210 105 -1 4.94 1.5 159558184005468309
4 3 270 188 94 -1 3.73 1.19 93953711144422401
4 3 270 156 80 -1 3.09 0.93 100375846828925561
4 3 280 150 76 -1 3.04 0.94 105719773473881074
4 3 280 220 111 -1 4.48 1.24 92064222432104826
4 3 280 167 85 -1 3.5 1.05 195330510818892970
4 3 280 194 100 -1 4.01 1.21 105156029987235896
4 3 280 162 83 -1 3.49 1 172704318545069597
4 3 280 245 125 -1 5.22 1.5 192135575874517032
4 3 280 144 73 -1 3.03 1.06 170678681208459347
4 3 280 259 133 -1 5.11 1.44 241865938955449951
4 3 280 230 119 -1 5.25 1.54 191473686163309884
4 3 280 180 92 -1 3.63 1.2 164755804443946839
4 3 290 224 113 -1 4.62 1.4 154898831563860963
4 3 290 170 87 -1 3.83 1.11 225762714555288587
4 3 290 130 65 -1 2.73 0.78 229453918186436012
4 3 290 163 83 -1 3.34 0.9 193010408126965001
4 3 290 177 89 -1 3.65 1.03 193770579955474940
4 3 290 272 141 -1 5.56 1.5 223877839205945939
4 3 290 146 74 -1 3.11 0.93 130741510324727319
4 3 290 145 72 -1 3.14 0.85 194005876408812822
4 3 290 230 116 -1 5.58 1.65 317679949084032503
4 3 290 281 145 -1 6.02 1.64 210320166249586937
4 3 300 216 110 -1 4.72 1.35 181826475634358392
4 3 300 131 66 -1 3.06 0.92 316624336173228964
4 3 300 223 113 -1 5.19 1.46 311721830781221344
4 3 300 150 76 -1 3.59 0.98 228596985154359514
4 3 300 191 96 -1 4.69 1.37 267156804200154484
4 3 300 179 91 -1 3.92 1.07 295476451845240876
4 3 300 217 110 -1 4.6 1.23 207043110069153943
4 3 300 124 62 -1 2.86 0.7 263049674320140173
4 3 300 145 75 -1 3.3 0.87 289463721954421131
4 3 300 218 110 -1 4.61 1.27 166112563535197170
4 3 310 146 73 -1 3.44 0.93 266473104950328357
4 3 310 166 84 -1 3.92 1.25 355094405923471075
4 3 310 229 119 -1 5.23 1.57 334677943271298543
4 3 310 130 65 -1 3.07 0.96 210145628617710191
4 3 310 136 68 -1 3.16 0.92 251187511273698343
4 3 310 211 106 -1 4.9 1.35 348359940930894997
4 3 310 208 107 -1 4.61 1.23 260765319634776533
4 3 310 233 120 -1 5.43 1.5 360993262116109948
4 3 310 180 90 -1 4.29 1.2 464120227179859312
4 3 310 201 103 -1 4.62 1.32 295660878798649696
4 3 320 167 85 -1 4.09 1.18 445963277483018162
4 3 320 251 127 -1 5.86 1.65 501938648511634011
4 3 320 196 99 -1 4.69 1.23 510576367010150569
4 3 320 153 78 -1 3.66 1.02 345204161682618937
4 3 320 158 80 -1 3.76 1.09 463704871302637368
4 3 320 218 111 -1 5.26 1.71 343420740915954344
4 3 320 247 125 -1 5.69 1.44 457087001007709163
4 3 320 194 99 -1 4.62 1.46 699404633134238552
4 3 320 228 118 -1 5.47 1.66 380944935379369566
4 3 320 203 105 -1 5.26 1.46 403160117908848706
4 3 330 156 79 -1 3.88 1.05 478537143979787569
4 3 330 176 88 -1 4.35 1.25 562189015097299810
4 3 330 170 89 -1 4.3 1.2 652085340538761893
4 3 330 208 106 -1 5.06 1.45 604684406720556394
4 3 330 137 69 -1 3.34 0.82 383936758675983202
4 3 330 187 95 -1 4.72 1.35 529647320356946293
4 3 330 200 103 -1 4.8 1.3 419470059342437834
4 3 330 167 85 -1 4.22 1.25 687584113839186329
4 3 330 203 104 -1 4.69 1.42 393910624563637959
4 3 330 129 64 -1 3.16 0.99 510663134070668697
4 3 340 225 114 -1 5.59 1.71 729052050912769235
4 3 340 293 149 -1 7.81 2.25 711747116751452973
4 3 340 224 114 -1 5.6 1.5 663983679597820216
4 3 340 176 88 -1 4.53 1.34 644920319352937352
4 3 340 193 98 -1 4.86 1.35 686617218966594158
4 3 340 201 103 -1 4.88 1.41 833971240785982669
4 3 340 227 117 -1 5.74 1.66 735059909351164750
4 3 340 191 96 -1 4.87 1.46 627068547780055759
4 3 340 183 92 -1 4.54 1.25 539687769955785548
4 3 340 208 106 -1 5.24 1.66 601454769324601707
4 3 350 190 97 -1 4.74 1.37 998593443474896939
4 3 350 152 77 -1 4.01 1.28 804271232773459932
4 3 350 143 73 -1 3.68 1 730184177913203410
4 3 350 213 109 -1 5.51 1.51 877636322685010266
4 3 350 170 85 -1 4.4 1.29 562797578005470407
4 3 350 259 134 -1 6.47 1.71 476543413201395668
4 3 350 143 72 -1 3.69 1.06 596637159544572350
4 3 350 168 87 -1 4.3 1.17 828340752694996157
input10_5

input10_3

input10_1

input10_9

input10_7

input10_0

input10_4

input10_2

input10_8

input10_6

input20_7

input20_5

input20_6

input20_1

input20_8

input20_4

input20_9

input20_3

input20_2

input20_0

input30_8

input30_4

input30_3

input30_6

input30_2

input30_5

input30_7

input30_1

input30_0

input30_9

input40_7

input40_5

input40_6

input40_2

input40_4

input40_8

input40_1

input40_9

input40_3

input40_0

input50_2

input50_1

input50_0

input50_3

input50_8

input50_5

input50_6

input50_4

input50_9

input50_7

input60_3

input60_4

input60_8

input60_1

input60_2

input60_0

input60_6

input60_5

input60_9

input60_7

input70_8

input70_7

input70_5

input70_6

input70_1

input70_0

input70_3

input70_9

input70_4

input70_2

input80_1

input80_4

input80_3

input80_6

input80_8

input80_9

input80_2

input80_7

input80_5

input80_0

input90_5

input90_4

input90_7

input90_0

input90_9

input90_3

input90_8

input90_6

input90_1

input90_2

input100_6

input100_9

input100_5

input100_0

input100_3

input100_8

input100_1

input100_7

input100_2

input100_4

input110_8

input110_2

input110_3

input110_1

input110_7

input110_4

input110_6

input110_5

input110_0

input110_9

input120_9

input120_8

input120_4

input120_2

input120_6

input120_1

input120_7

input120_5

input120_3

input120_0

input130_7

input130_9

input130_6

input130_3

input130_1

input130_2

input130_0

input130_8

input130_5

input130_4

input140_3

input140_9

input140_0

input140_1

input140_8

input140_2

input140_7

input140_6

input140_4

input140_5

input150_4

input150_3

input150_9

input150_0

input150_5

input150_1

input150_2

input150_7

input150_8

input150_6

input160_6

input160_1

input160_9

input160_5

input160_0

input160_4

input160_3

input160_7

input160_8

input160_2

input170_9

input170_4

input170_2

input170_8

input170_6

input170_5

input170_0

input170_3

input170_1

input170_7

input180_4

input180_6

input180_1

input180_5

input180_3

input180_0

input180_2

input180_8

input180_9

input180_7

input190_8

input190_7

input190_3

input190_4

input190_1

input190_5

input190_9

input190_0

input190_2

input190_6

input200_5

input200_4

input200_1

input200_3

input200_2

input200_9

input200_7

input200_6

input200_8

input200_0

input210_9

input210_8

input210_4

input210_0

input210_6

input210_5

input210_2

input210_7

input210_3

input210_1

input220_0

input220_5

input220_2

input220_7

input220_3

input220_9

input220_4

input220_6

input220_1

input220_8

input230_4

input230_3

input230_5

input230_9

input230_2

input230_0

input230_7

input230_6

input230_8

input230_1

input240_6

input240_5

input240_2

input240_7

input240_1

input240_9

input240_4

input240_8

input240_0

input240_3

input250_3

input250_7

input250_1

input250_4

input250_5

input250_2

input250_6

input250_0

input250_8

input250_9

input260_1

input260_8

input260_4

input260_2

input260_6

input260_7

input260_9

input260_3

input260_5

input260_0

input270_7

input270_1

input270_4

input270_5

input270_3

input270_8

input270_2

input270_6

input270_0

input270_9

input280_1

input280_2

input280_9

input280_6

input280_8

input280_4

input280_7

input280_3

input280_0

input280_5

input290_3

input290_7

input290_4

input290_1

input290_5

input290_8

input290_2

input290_0

input290_9

input290_6

input300_1

input300_6

input300_3

input300_2

input300_0

input300_7

input300_5

input300_9

input300_8

input300_4

input310_2

input310_9

input310_0

input310_7

input310_1

input310_3

input310_4

input310_6

input310_5

input310_8

input320_2

input320_6

input320_8

input320_1

input320_5

input320_4

input320_3

input320_9

input320_7

input320_0

input330_9

input330_7

input330_6

input330_4

input330_1

input330_8

input330_5

input330_2

input330_3

input330_0

input340_5

input340_0

input340_2

input340_1

input340_8

input340_3

input340_6

input340_9

input340_7

input340_4

input350_7

input350_5

input350_8

input350_9

input350_3

input350_0

input350_4

input350_2

input350_64 3 350 158 79 -1 4.25 1.28 1014736262398419069
4 3 350 189 95 -1 4.83 1.36 631316150288121273
4 3 360 212 106 -1 5.5 1.57 1264816105693955940
4 3 360 172 87 -1 4.98 1.27 1076875154112152755
4 3 360 214 108 -1 5.81 1.53 936724232250839440
4 3 360 154 77 -1 4.01 1.18 698885705867446151
4 3 360 186 95 -1 4.86 1.34 863700515443591579
4 3 360 219 111 -1 5.74 1.59 885912276519007296
4 3 360 188 94 -1 5.05 1.4 953375273184189261
4 3 360 171 88 -1 4.72 1.19 875773158836830483
4 3 360 192 98 -1 5.21 1.68 1242416255971460079
4 3 360 189 95 -1 5.28 1.39 1040095896048138890
4 3 370 216 111 -1 5.81 1.58 1366698724940114494
4 3 370 254 128 -1 6.67 1.75 1404069031588213336
4 3 370 209 107 -1 5.58 1.56 960767833891738459
4 3 370 201 101 -1 5.87 1.81 1264279288641078928
4 3 370 219 111 -1 5.81 1.44 1045587691821315839
4 3 370 239 120 -1 6.53 1.65 1519197756718492059
4 3 370 227 115 -1 6.18 1.74 1368748415984734150
4 3 370 158 80 -1 4.22 1.14 925175687763126724
4 3 370 246 126 -1 6.95 2.07 2184174483125336003
4 3 370 168 87 -1 4.7 1.28 1049626220963985120
4 3 380 219 110 -1 5.96 1.66 1390464127242063463
4 3 380 204 103 -1 5.6 1.64 1535356587968616453
4 3 380 142 71 -1 4.05 1.3 887026981409960006
4 3 380 206 104 -1 5.73 1.68 936051127560003008
4 3 380 149 75 -1 4.35 1.08 857026363921330980
4 3 380 140 71 -1 4.28 1.25 1530467415270355140
4 3 380 268 138 -1 7.93 2.24 1563380453316734951
4 3 380 156 78 -1 4.57 1.29 1755782340141217403
4 3 380 189 96 -1 5.27 1.34 1389638107336143377
4 3 380 188 97 -1 5.22 1.41 1204977443199785652
4 3 390 159 80 -1 4.66 1.3 1435368376001564021
4 3 390 158 79 -1 4.66 1.43 1621685423999335254
4 3 390 198 100 -1 5.86 1.55 1825032095124390384
4 3 390 173 88 -1 5.12 1.54 1663296098161177754
4 3 390 194 101 -1 5.72 1.44 1464907318589384983
4 3 390 184 95 -1 5.33 1.34 1088955487958562766
4 3 390 190 96 -1 5.47 1.45 2252890722034435073
4 3 390 183 94 -1 5.92 1.7 2652009348538473512
4 3 390 212 107 -1 6.04 1.57 1591595225658663934
4 3 390 206 104 -1 5.57 1.42 751605671674883946
4 3 400 191 95 -1 5.55 1.42 1780524733447302820
4 3 400 172 87 -1 5.17 1.32 2045330215529142535
4 3 400 143 72 -1 4.54 1.36 2089756963016639031
4 3 400 154 78 -1 4.64 1.24 1881493044165537990
4 3 400 245 124 -1 6.74 1.96 1723631917794452145
4 3 400 198 101 -1 5.98 1.69 1602265318233299824
4 3 400 181 93 -1 5.13 1.36 2229384883161576946
4 3 400 156 79 -1 4.84 1.36 1884322530100080790
4 3 400 275 141 -1 8.01 2.4 1677485211352705259
4 3 400 162 82 -1 4.87 1.29 1821927462043850146
4 3 410 157 80 -1 4.84 1.44 2562302161193460668
4 3 410 183 93 -1 5.4 1.53 1521698623933361459
4 3 410 185 95 -1 5.53 1.53 1944209514533056946
4 3 410 153 78 -1 4.61 1.32 2430975595878882575
4 3 410 221 112 -1 6.47 1.88 1961857595076727771
4 3 410 202 103 -1 6.37 1.93 1920703713723759338
4 3 410 223 115 -1 6.62 1.67 1912538408114670245
4 3 410 152 76 -1 4.51 1.26 1816608247988837563
4 3 410 209 109 -1 6.12 1.77 2369694239935876787
4 3 410 161 81 -1 4.9 1.26 2009880008109745511
4 3 420 237 120 -1 6.98 1.74 3060042206358899271
4 3 420 224 113 -1 6.39 1.73 3376102537693232331
4 3 420 203 104 -1 6.07 1.9 2887008469677983998
4 3 420 197 101 -1 6.01 1.92 2379499979306408154
4 3 420 173 89 -1 5.41 1.47 3801972422934254552
4 3 420 137 69 -1 4.32 1.22 4097881513277333233
4 3 420 204 105 -1 6 1.68 2780651880368552390
4 3 420 184 93 -1 5.65 1.58 2840901711741926648
4 3 420 180 90 -1 5.49 1.45 3479751946175810486
4 3 420 270 137 -1 7.88 2.2 2630541434372365671
4 3 430 237 119 -1 7.01 2.04 2552347957230882718
4 3 430 239 122 -1 7.11 1.91 2138772083587563697
4 3 430 232 118 -1 7.01 1.92 3667492515329023843
4 3 430 239 122 -1 7.51 2.06 4304323727288788568
4 3 430 177 88 -1 5.49 1.63 3584513691949019373
4 3 430 191 99 -1 5.82 1.62 5437566688489351093
4 3 430 193 100 -1 6.09 1.76 3238437144136084958
4 3 430 234 120 -1 7.19 1.77 3145219216294368354
4 3 430 233 119 -1 7.18 1.97 2900665690169059211
4 3 430 224 116 -1 6.8 1.72 3886424342925423609
4 3 440 220 112 -1 7.03 1.96 3192997476402205577
4 3 440 185 95 -1 5.81 1.54 3613546921245732506
4 3 440 159 79 -1 5.18 1.54 4319547438575791776
4 3 440 313 157 -1 9.86 2.61 3387441853186696008
4 3 440 188 97 -1 5.84 1.66 4510093480837276516
4 3 440 146 74 -1 5.2 1.35 4150279391589140970
4 3 440 161 84 -1 5.42 1.53 2438174285964033708
4 3 440 242 123 -1 7.51 2.09 4246165526001292579
4 3 440 269 138 -1 8.65 2.49 3468388549252653402
4 3 440 150 77 -1 4.55 1.16 2346072747326831693
4 3 450 189 98 -1 6.07 1.87 6216918683543577066
4 3 450 234 119 -1 7.94 2.1 5701719403672906007
4 3 450 275 141 -1 8.91 2.65 5192725314917812000
4 3 450 278 140 -1 8.8 2.6 3484373182620548809
4 3 450 207 106 -1 6.84 2.07 6386464546939231378
4 3 450 145 75 -1 4.9 1.49 5734612675712444960
4 3 450 214 110 -1 6.49 1.7 2177177175540845696
4 3 450 281 145 -1 8.99 2.44 3569186524531534900
4 3 450 214 108 -1 6.59 1.9 4967665130940563910
4 3 450 239 120 -1 7.61 2.16 3465657949697858809
4 3 460 266 136 -1 8.76 2.68 4913686690985604286
4 3 460 317 161 -1 10.46 2.74 4759258126775335456
4 3 460 257 132 -1 8.33 2.02 7522479387725310247
4 3 460 118 59 -1 4.18 1.15 7554064306150027848
4 3 460 205 105 -1 6.77 1.68 3734532529047381286
4 3 460 159 81 -1 5.27 1.58 5758898601755026047
4 3 460 221 114 -1 7.51 2.21 5789689999101329306
4 3 460 159 80 -1 5.87 1.62 5887522733269590187
4 3 460 151 77 -1 5.43 1.55 7166462781578432395
4 3 460 252 129 -1 9.17 2.69 5589169270237335064
4 3 470 231 119 -1 7.61 2.17 5320575675601943173
4 3 470 180 92 -1 6.2 1.72 6630868013891742992
4 3 470 142 71 -1 5.12 1.43 7326594807328428750
4 3 470 162 82 -1 5.86 1.64 5752524474859448845
4 3 470 168 86 -1 5.72 1.67 5796436359996748179
4 3 470 185 94 -1 6.75 1.82 4755200262894724891
4 3 470 244 126 -1 8.04 2.25 7034696582729260112
4 3 470 264 135 -1 8.51 2.36 5137439432855447420
4 3 470 171 85 -1 5.82 1.67 5433751180937230250
4 3 470 202 103 -1 6.75 1.93 6994687607409780453
4 3 480 202 105 -1 7.16 1.98 7812624162868650287
4 3 480 160 80 -1 5.68 1.56 9278371637558046695
4 3 480 181 91 -1 6.52 1.93 9935713146246295015
4 3 480 252 129 -1 8.14 2.09 4296358283061267657
4 3 480 174 88 -1 6.24 1.83 5839141217736064211
4 3 480 207 107 -1 7.45 2.14 7396271235629857703
4 3 480 298 151 -1 9.74 2.67 3760444960488060258
4 3 480 190 97 -1 6.72 2.01 8235056577894315427
4 3 480 180 92 -1 6.71 1.91 10146797238427938285
4 3 480 244 126 -1 8.91 2.64 9650708967134523920
4 3 490 158 79 -1 5.87 1.57 8857279192638858120
4 3 490 203 106 -1 7.79 2.17 7704318336108927063
4 3 490 212 109 -1 7.6 2.09 6164920359891822061
4 3 490 171 87 -1 6.06 1.75 5924504710534455768
4 3 490 163 82 -1 5.77 1.53 6511240282743318929
4 3 490 196 99 -1 6.97 1.92 11601877555287531900
4 3 490 161 81 -1 5.75 1.51 6090137913296270716
4 3 490 250 128 -1 9.22 2.51 8213685903954499641
4 3 490 246 125 -1 8.98 2.44 6724498247291053136
4 3 490 170 86 -1 6.27 1.78 11662912774488775943


input350_1

input360_1

input360_8

input360_5

input360_4

input360_6

input360_9

input360_2

input360_3

input360_0

input360_7

input370_6

input370_4

input370_9

input370_7

input370_3

input370_1

input370_5

input370_2

input370_0

input370_8

input380_0

input380_3

input380_7

input380_6

input380_5

input380_8

input380_4

input380_1

input380_9

input380_2

input390_9

input390_5

input390_6

input390_7

input390_4

input390_3

input390_0

input390_8

input390_1

input390_2

input400_9

input400_5

input400_1

input400_4

input400_3

input400_7

input400_2

input400_0

input400_8

input400_6

input410_7

input410_8

input410_1

input410_2

input410_4

input410_3

input410_0

input410_6

input410_9

input410_5

input420_5

input420_6

input420_3

input420_9

input420_4

input420_1

input420_0

input420_7

input420_2

input420_8

input430_3

input430_8

input430_1

input430_7

input430_0

input430_4

input430_5

input430_6

input430_2

input430_9

input440_4

input440_6

input440_7

input440_3

input440_9

input440_5

input440_8

input440_1

input440_0

input440_2

input450_0

input450_7

input450_2

input450_1

input450_3

input450_9

input450_8

input450_6

input450_4

input450_5

input460_1

input460_5

input460_3

input460_2

input460_0

input460_4

input460_6

input460_7

input460_8

input460_9

input470_1

input470_4

input470_6

input470_8

input470_9

input470_3

input470_2

input470_0

input470_5

input470_7

input480_8

input480_7

input480_0

input480_9

input480_4

input480_1

input480_5

input480_3

input480_6

input480_2

input490_2

input490_8

input490_6

input490_5

input490_9

input490_3

input490_0

input490_1

input490_4

input490_7

