8 5 10 4 2 -1 0.01 0 222
8 5 10 4 2 -1 0.01 0 54
8 5 11 6 3 -1 0.02 0.02 32724
8 5 11 13 3 -1 0.04 0.02 57915
8 5 12 15 6 -1 0.08 0.05 9377200
8 5 12 12 5 -1 0.06 0.03 15649920
8 5 13 40 20 -1 0.29 0.19 9127856400
8 5 13 40 19 -1 0.29 0.15 32993643144
8 5 14 192 102 -1 1.82 1.15 831627426180240
8 5 14 206 105 -1 1.95 1.13 14181168413911284
8 5 15 798 394 -1 9.22 5.62 51792354575097668
8 5 15 914 432 -1 10.77 6.13 298571889692580
8 5 16 2007 904 -1 31.52 17.1 58293524819815449145
8 5 16 2673 1238 -1 46.23 26.24 12374636850777253424
8 5 17 5831 2480 -1 132.89 64.96 12631508391267665462
8 5 17 3826 1674 -1 85.3 44.31 64460958232411106058
8 5 18 6636 2911 -1 190.15 90.15 505131515136646056792
8 5 18 5681 2489 -1 162.36 74.98 7133543232867494513
8 5 19 12063 5406 -1 490.73 200.37 726290223726683566
8 5 19 17497 7746 -1 721.46 300.04 83200356602046572042
8 5 20 30042 13132 -1 1575.29 594.45 9261960144717004690014
8 5 20 21568 9678 -1 1062.97 422.81 7627176326973217625455
8 5 21 32178 14115 -1 1735.79 636.15 13465518708557727774658
8 5 21 34857 15668 -1 2220.07 803.88 9307925519892357573952
8 5 22 51806 23460 -1 3921.11 1313.34 84372709114185611645976
8 5 22 45930 20596 -1 3332.89 1130.95 310577421658054122960062
8 5 23 38229 17202 -1 2973.32 996.32 292568139345219302103434
8 5 23 67510 30322 -1 5842.52 1755.13 34590580587075990118259
8 5 24 71815 31834 -1 7272.38 2089.27 5924968945293853197847162
