4 3 10 23 11 -1 0.02 0.02 55431
4 3 10 22 11 -1 0.02 0 11616
4 3 10 26 13 -1 0.02 0.01 151016
4 3 10 27 13 -1 0.02 0.01 61222
4 3 10 28 12 -1 0.02 0.01 109796
4 3 10 23 12 -1 0.02 0 30226
4 3 10 22 11 -1 0.01 0 18439
4 3 10 29 14 -1 0.02 0.01 62748
4 3 10 26 13 -1 0.02 0 103681
4 3 10 27 13 -1 0.01 0 183721
4 3 20 54 28 -1 0.09 0.02 54383107
4 3 20 46 23 -1 0.07 0.03 16645318
4 3 20 56 28 -1 0.09 0.04 19345419
4 3 20 64 34 -1 0.08 0.07 73619409
4 3 20 46 23 -1 0.08 0.03 22439742
4 3 20 58 29 -1 0.09 0.03 27332167
4 3 20 62 32 -1 0.1 0 33000230
4 3 20 51 28 -1 0.08 0.02 22508056
4 3 20 49 25 -1 0.08 0.04 112150372
4 3 20 74 38 -1 0.12 0.03 31265613
4 3 30 68 34 -1 0.15 0.07 772271273
4 3 30 62 31 -1 0.14 0.08 481568011
4 3 30 80 41 -1 0.18 0.04 509564944
4 3 30 74 38 -1 0.18 0.03 864161295
4 3 30 57 29 -1 0.13 0.07 1643870836
4 3 30 72 37 -1 0.17 0.06 843779637
4 3 30 59 29 -1 0.14 0.04 1628768869
4 3 30 56 28 -1 0.13 0.05 758641770
4 3 30 69 35 -1 0.17 0.09 1234252083
4 3 30 71 35 -1 0.17 0.07 874562530
4 3 40 104 53 -1 0.35 0.1 8647886071
4 3 40 87 44 -1 0.26 0.07 6517344583
4 3 40 85 43 -1 0.28 0.09 8337578422
4 3 40 88 44 -1 0.29 0.07 14644458656
4 3 40 83 41 -1 0.26 0.05 10183372144
4 3 40 66 34 -1 0.2 0.07 11423512968
4 3 40 96 48 -1 0.3 0.14 8008859484
4 3 40 82 41 -1 0.23 0.06 9596334387
4 3 40 104 53 -1 0.31 0.08 4758451917
4 3 40 93 47 -1 0.29 0.06 5808977580
4 3 50 93 46 -1 0.36 0.18 73459998268
4 3 50 142 73 -1 0.6 0.19 45902969690
4 3 50 105 53 -1 0.4 0.09 44607397118
4 3 50 131 66 -1 0.53 0.11 56309280456
4 3 50 106 53 -1 0.38 0.1 50543674540
4 3 50 91 45 -1 0.32 0.12 27071635436
4 3 50 99 50 -1 0.36 0.09 48791297138
4 3 50 143 73 -1 0.53 0.13 53662447944
4 3 50 96 49 -1 0.4 0.12 80966343995
4 3 50 96 48 -1 0.33 0.07 57393642375
4 3 60 118 59 -1 0.56 0.17 222593667315
4 3 60 83 43 -1 0.35 0.13 161942415563
4 3 60 141 74 -1 0.57 0.16 255890817412
4 3 60 109 55 -1 0.54 0.17 275407760194
4 3 60 97 48 -1 0.48 0.08 214116870611
4 3 60 138 69 -1 0.73 0.17 435586788511
4 3 60 103 52 -1 0.44 0.16 175031471027
4 3 60 149 75 -1 0.61 0.19 199858722323
4 3 60 81 40 -1 0.4 0.1 263815044271
4 3 60 109 57 -1 0.48 0.11 193229381702
4 3 70 110 55 -1 0.6 0.1 1257368426616
4 3 70 113 57 -1 0.57 0.26 703702876244
4 3 70 124 63 -1 0.67 0.14 1379288511353
4 3 70 137 68 -1 0.62 0.22 537646845548
4 3 70 129 64 -1 0.75 0.19 632539495008
4 3 70 142 72 -1 0.71 0.18 766380822432
4 3 70 87 43 -1 0.45 0.1 854880062731
4 3 70 104 53 -1 0.53 0.15 756654486796
4 3 70 111 57 -1 0.57 0.15 392384616080
4 3 70 160 81 -1 0.81 0.28 380748902465
4 3 80 126 63 -1 0.73 0.19 1728725972274
4 3 80 148 76 -1 0.95 0.2 2766067781786
4 3 80 161 81 -1 0.94 0.26 1313125595387
4 3 80 128 65 -1 0.78 0.28 2508666840984
4 3 80 118 59 -1 0.66 0.16 1493822895364
4 3 80 140 72 -1 0.81 0.2 2229338576009
4 3 80 168 85 -1 1.07 0.38 1333460418037
4 3 80 138 70 -1 0.8 0.27 1224126503501
4 3 80 90 45 -1 0.54 0.08 3085701039738
4 3 80 132 66 -1 0.79 0.32 2015311904557
4 3 90 98 49 -1 0.61 0.13 5546873194572
4 3 90 161 83 -1 1.02 0.24 7882142271868
4 3 90 167 85 -1 1.15 0.26 4313523323267
4 3 90 143 72 -1 0.95 0.22 4752649584636
4 3 90 154 78 -1 0.99 0.3 2697827712286
4 3 90 215 109 -1 1.54 0.46 4406631268943
4 3 90 156 80 -1 1.03 0.27 4349374402540
4 3 90 120 60 -1 0.8 0.2 4951755126348
4 3 90 138 71 -1 0.9 0.25 3402047530052
4 3 90 173 87 -1 1.21 0.3 4734139336182
4 3 100 126 64 -1 0.95 0.41 10072106612725
4 3 100 163 82 -1 1.26 0.47 10562347292582
4 3 100 164 84 -1 1.3 0.34 8055371019084
4 3 100 125 63 -1 1.04 0.33 10725978768741
4 3 100 185 97 -1 1.52 0.48 12409663463905
4 3 100 185 94 -1 1.54 0.49 15372018971055
4 3 100 157 80 -1 1.14 0.32 11395720269085
4 3 100 132 67 -1 0.98 0.26 12845932358748
4 3 100 177 91 -1 1.2 0.4 7841198137799
4 3 100 144 73 -1 0.96 0.33 8163097093570
4 3 110 126 63 -1 0.99 0.4 30890784645029
4 3 110 164 82 -1 1.48 0.39 19373191784532
4 3 110 121 60 -1 0.93 0.33 22035635313496
4 3 110 139 71 -1 1.25 0.35 24455986843228
4 3 110 167 85 -1 1.41 0.48 20049278123914
4 3 110 156 81 -1 1.25 0.43 16715467261260
4 3 110 154 77 -1 1.3 0.29 18751928259149
4 3 110 166 84 -1 1.21 0.31 16662040954027
4 3 110 206 104 -1 1.61 0.38 15773716040883
4 3 110 150 76 -1 1.16 0.25 33582663411915
4 3 120 157 80 -1 1.38 0.35 51619421194801
4 3 120 140 71 -1 1.21 0.32 26491076697705
4 3 120 153 77 -1 1.43 0.43 37306896870440
4 3 120 160 81 -1 1.56 0.52 50737802017224
4 3 120 153 79 -1 1.52 0.44 44045753509340
4 3 120 151 77 -1 1.32 0.43 48409390703891
4 3 120 143 72 -1 1.38 0.43 35518082694599
4 3 120 125 63 -1 1.1 0.4 28972089231882
4 3 120 169 88 -1 1.66 0.5 31481614735597
4 3 120 173 88 -1 1.77 0.56 37609219066055
4 3 130 173 89 -1 1.75 0.53 70705297274917
4 3 130 119 60 -1 1.24 0.34 84076860363482
4 3 130 162 82 -1 1.72 0.47 73766135260494
4 3 130 193 98 -1 1.88 0.57 83239624613665
4 3 130 169 85 -1 1.66 0.43 78132405652978
4 3 130 157 80 -1 1.51 0.41 98667004825559
4 3 130 137 71 -1 1.35 0.48 63157563359591
4 3 130 133 67 -1 1.25 0.32 36866941472440
4 3 130 149 76 -1 1.45 0.47 54647083709631
4 3 130 141 71 -1 1.4 0.38 77208918953466
4 3 140 218 111 -1 2.63 0.94 157490442547573
4 3 140 238 123 -1 2.42 0.71 101332026715450
4 3 140 157 79 -1 1.76 0.42 112991523652864
4 3 140 214 107 -1 2.14 0.63 120364902506391
4 3 140 190 97 -1 1.85 0.59 105878327474784
4 3 140 148 75 -1 1.52 0.45 74992062972344
4 3 140 139 71 -1 1.46 0.51 122712116028531
4 3 140 186 93 -1 2.09 0.64 149446234349138
4 3 140 198 100 -1 1.95 0.66 122144663592682
4 3 140 162 82 -1 1.78 0.66 87293292640551
4 3 150 123 62 -1 1.44 0.38 214070998278851
4 3 150 132 66 -1 1.42 0.4 256721794707066
4 3 150 179 90 -1 1.87 0.58 166134499474260
4 3 150 194 99 -1 2.13 0.77 137630276959044
4 3 150 185 94 -1 1.96 0.67 159173885922111
4 3 150 176 90 -1 2 0.6 133992499764244
4 3 150 189 98 -1 2.45 0.69 316255252968254
4 3 150 175 90 -1 2.01 0.69 228927276336867
4 3 150 155 77 -1 1.83 0.57 229929246493287
4 3 150 203 102 -1 2.17 0.68 285175181742840
4 3 160 126 64 -1 1.52 0.45 483349008080336
4 3 160 223 114 -1 2.53 0.8 287846208913085
4 3 160 109 55 -1 1.35 0.48 275200825409053
4 3 160 167 84 -1 1.92 0.52 384825390114218
4 3 160 225 113 -1 2.72 0.76 275442519332431
4 3 160 215 109 -1 2.59 0.94 292395099476851
4 3 160 141 71 -1 1.79 0.42 393412863055702
4 3 160 155 78 -1 1.98 0.57 383395076939043
4 3 160 219 112 -1 2.86 0.9 448329132941383
4 3 160 122 63 -1 1.39 0.42 298040657695942
4 3 170 187 95 -1 2.48 0.7 506310264380576
4 3 170 171 87 -1 2.15 0.63 665345022659546
4 3 170 159 80 -1 1.94 0.61 333573560503953
4 3 170 156 79 -1 1.95 0.59 616923649638084
4 3 170 213 108 -1 2.89 0.82 575491265855132
4 3 170 183 93 -1 2.33 0.78 449255382549901
4 3 170 138 70 -1 1.76 0.56 649808281584199
4 3 170 164 82 -1 1.96 0.54 487561632053956
4 3 170 157 79 -1 2.05 0.47 458771656552949
4 3 170 181 92 -1 2.23 0.64 356849641943428
4 3 180 308 157 -1 3.9 0.99 748313917555121
4 3 180 234 122 -1 2.94 0.9 772316011348625
4 3 180 178 90 -1 2.36 0.72 740594945222827
4 3 180 240 122 -1 3.41 1.11 1133426647850208
4 3 180 137 70 -1 1.8 0.51 512001137896526
4 3 180 228 117 -1 3.1 0.8 667322562111217
4 3 180 271 136 -1 3.49 0.98 652677208564003
4 3 180 146 76 -1 2.18 0.58 569617791279402
4 3 180 171 86 -1 2.27 0.74 781374027148438
4 3 180 202 102 -1 2.85 0.69 880234843369033
4 3 190 171 90 -1 2.21 0.74 1370592987465694
4 3 190 187 95 -1 2.6 0.68 895874423170644
4 3 190 232 117 -1 3.21 1.02 1323043652869156
4 3 190 194 100 -1 2.68 0.77 923057688622021
4 3 190 200 100 -1 2.79 0.8 1000936059969624
4 3 190 231 120 -1 3.26 0.87 745065743577390
4 3 190 225 113 -1 2.95 0.92 981290564040503
4 3 190 180 90 -1 2.49 0.74 1117039236090235
4 3 190 217 112 -1 2.99 0.91 1014143499615715
4 3 190 215 109 -1 3.09 0.94 1106368020425806
4 3 200 194 98 -1 3.19 1.03 1712198564943983
4 3 200 231 121 -1 3.82 0.85 2438609257669678
4 3 200 202 103 -1 2.87 0.78 1636133567479020
4 3 200 136 69 -1 2.04 0.6 1945907866931661
4 3 200 176 90 -1 2.66 0.73 1293496997198571
4 3 200 176 88 -1 2.51 0.76 961746970730747
4 3 200 238 123 -1 3.34 0.96 1336191147272038
4 3 200 198 101 -1 3 0.85 2179844935927724
4 3 200 140 70 -1 2.09 0.55 2245516816394867
4 3 200 200 101 -1 2.85 0.81 1326402902347521
4 3 210 196 99 -1 2.93 0.65 1910337219166742
4 3 210 167 85 -1 2.55 0.82 2256035137530489
4 3 210 166 84 -1 2.64 0.87 3298754047023437
4 3 210 230 118 -1 3.71 1.23 2640510782588873
4 3 210 178 90 -1 3.07 0.88 2182357970910630
4 3 210 165 82 -1 2.65 0.78 1904556003095646
4 3 210 208 105 -1 3.15 0.89 3426579292533889
4 3 210 196 102 -1 3.15 0.96 2501650388084222
4 3 210 215 110 -1 3.44 1.04 2229658889924277
4 3 210 219 113 -1 3.49 0.96 2358291528247277
4 3 220 166 84 -1 2.65 0.78 3559294481123998
4 3 220 198 102 -1 3.28 0.96 2791315042999459
4 3 220 189 95 -1 3.1 0.93 4003307091297896
4 3 220 233 119 -1 3.97 1.11 3106276321848668
4 3 220 194 98 -1 3.24 0.9 3430075532033829
4 3 220 243 124 -1 3.72 1.1 2264922664974679
4 3 220 190 98 -1 3.02 0.78 2577174973757933
4 3 220 224 114 -1 3.41 0.87 2294469785567591
4 3 220 225 114 -1 3.5 1.1 2477055088662178
4 3 220 230 119 -1 3.81 1.16 3742731026529930
4 3 230 200 101 -1 3.54 0.93 4977214654865345
4 3 230 268 135 -1 4.46 1.05 4074128815515776
4 3 230 174 88 -1 3.19 0.84 5774007248027576
4 3 230 182 92 -1 3.24 1.02 5788412582028311
4 3 230 205 106 -1 3.8 1.16 5323530819583452
4 3 230 205 103 -1 3.54 1.06 3006458505816166
4 3 230 254 130 -1 4.12 1.22 3243900653568906
4 3 230 184 94 -1 3.37 1 5316665231175892
4 3 230 262 133 -1 4.27 1.29 4056261324349777
4 3 230 181 91 -1 2.98 0.82 2608247710828147
4 3 240 233 119 -1 4.21 1.26 5085746454199060
4 3 240 158 80 -1 2.95 0.82 9532319642176804
4 3 240 202 104 -1 3.55 0.93 6542209447374061
4 3 240 220 112 -1 3.8 1.14 5973269803555855
4 3 240 204 104 -1 3.8 1.1 6300871461653676
4 3 240 252 130 -1 4.33 1.23 6597042880797198
4 3 240 218 109 -1 4.27 1.19 5513268637485953
4 3 240 162 82 -1 2.95 0.81 3142897623354417
4 3 240 229 117 -1 4.07 1.14 7401664580566455
4 3 240 245 124 -1 4.16 1.21 5300350840719863
4 3 250 148 75 -1 2.87 0.81 9293424806446628
4 3 250 195 99 -1 3.84 1.01 10156853358880094
4 3 250 239 120 -1 4.25 1.2 5513381578173368
4 3 250 215 109 -1 3.9 1.1 7249373929835468
4 3 250 250 127 -1 4.43 1.33 7724862752995900
4 3 250 248 125 -1 4.82 1.39 12143311491360065
4 3 250 174 88 -1 3.3 0.91 8307974468832841
4 3 250 152 78 -1 3.04 0.94 12013163116220360
4 3 250 226 114 -1 4.28 1.32 8087611025672962
4 3 250 196 98 -1 3.55 1.01 5868988975438836
4 3 260 237 121 -1 5.06 1.61 16665767053155745
4 3 260 192 97 -1 3.72 1.11 12106809922388845
4 3 260 269 135 -1 5.34 1.54 11934680397312317
4 3 260 218 110 -1 4.04 1.22 9353588465064141
4 3 260 229 117 -1 4.65 1.33 10529721502211095
4 3 260 160 80 -1 3.29 0.92 7607022625396356
4 3 260 200 102 -1 3.76 1.05 10691723157936645
4 3 260 180 91 -1 3.94 1.27 14404729911543529
4 3 260 230 118 -1 5.08 1.41 11358659771869049
4 3 260 221 114 -1 4.04 1.11 10698458107405191
4 3 270 163 83 -1 3.58 1.08 14868646055023237
4 3 270 221 112 -1 4.3 1.13 11339990362528376
4 3 270 259 132 -1 5.8 1.85 19993044415686038
4 3 270 303 156 -1 5.95 1.68 10733527998631253
4 3 270 247 126 -1 4.91 1.36 11238089043909473
4 3 270 219 110 -1 4.36 1.3 14074448441084293
4 3 270 188 94 -1 3.76 1.04 12772645459695843
4 3 270 242 125 -1 4.66 1.37 9900895062273769
4 3 270 181 93 -1 3.86 1.17 15504326636291227
4 3 270 192 98 -1 3.79 1.09 11980546709291666
4 3 280 205 103 -1 4.7 1.31 32454671357921581
4 3 280 268 138 -1 5.28 1.65 21567736771507817
4 3 280 219 113 -1 4.53 1.45 21305447598471465
4 3 280 260 132 -1 5.37 1.42 17184908280139686
4 3 280 189 96 -1 3.93 1.05 22427653702885328
4 3 280 226 114 -1 4.61 1.35 16171204095212512
4 3 280 241 122 -1 5.52 1.66 21380584145309999
4 3 280 210 107 -1 4.31 1.35 18027208150495832
4 3 280 259 135 -1 5.46 1.74 20526464082235779
4 3 280 185 93 -1 3.99 1.12 21342174511833320
4 3 290 210 106 -1 4.86 1.43 27321843420229592
4 3 290 189 96 -1 4 1.12 15818041113191537
4 3 290 248 127 -1 5.24 1.56 22992680034465588
4 3 290 205 106 -1 4.38 1.17 19711061712543347
4 3 290 249 128 -1 5.31 1.46 19807321857158486
4 3 290 207 104 -1 4.41 1.26 28111867150302727
4 3 290 242 123 -1 5.39 1.57 19732643779810131
4 3 290 170 85 -1 3.76 1.05 33252798987151065
4 3 290 178 91 -1 3.71 0.99 19373863275240054
4 3 290 208 105 -1 4.43 1.34 17692985152435808
4 3 300 332 171 -1 7.24 2.01 33710720188625083
4 3 300 255 131 -1 5.7 1.58 29685636634441007
4 3 300 232 118 -1 5.16 1.36 43028795588997515
4 3 300 190 99 -1 4.29 1.14 26207112462591572
4 3 300 306 159 -1 6.82 1.92 35266535048291222
4 3 300 189 94 -1 4.56 1.54 42830474913879012
4 3 300 208 107 -1 4.56 1.42 32412433478127094
4 3 300 211 108 -1 4.52 1.37 29761215942673389
4 3 300 208 105 -1 4.66 1.33 32276759616027606
4 3 300 189 95 -1 4.09 1.06 21443501671255700
4 3 310 260 132 -1 5.76 1.55 36842352127205123
4 3 310 320 162 -1 6.98 1.86 30511022140950929
4 3 310 199 100 -1 4.64 1.14 38844983834540166
4 3 310 319 164 -1 7.15 1.81 31352179982419246
4 3 310 208 105 -1 4.79 1.41 25597109651169965
4 3 310 248 125 -1 5.68 1.55 28834510250253207
4 3 310 242 124 -1 5.81 1.73 41691002209048637
4 3 310 309 157 -1 6.87 1.97 17999749839900926
4 3 310 164 84 -1 3.69 0.99 48809918592955403
4 3 310 152 77 -1 3.45 1.02 32602440265798429
4 3 320 244 126 -1 5.64 1.51 53710433111446000
4 3 320 212 107 -1 4.95 1.39 43845909923176068
4 3 320 307 157 -1 7.99 2.19 54906984707724681
4 3 320 334 170 -1 7.88 2.41 41263831615706016
4 3 320 175 89 -1 4.42 1.18 56625613847268363
4 3 320 316 161 -1 7.61 2.23 59170161055885527
4 3 320 187 94 -1 4.68 1.44 82406994236930025
4 3 320 296 150 -1 7.24 2.11 46361246277752622
4 3 320 185 95 -1 4.27 1.21 38905968518717852
4 3 320 206 104 -1 4.72 1.49 39962974830843055
4 3 330 183 92 -1 4.45 1.17 49204766200377904
4 3 330 240 121 -1 6.21 1.81 71376277150796776
4 3 330 170 88 -1 4.39 1.05 45744445420462941
4 3 330 232 119 -1 5.98 1.84 51992836116735372
4 3 330 187 96 -1 4.56 1.19 43391021819698485
4 3 330 267 133 -1 6.79 1.94 62115074552705239
4 3 330 212 107 -1 5.21 1.56 54364099881386133
4 3 330 247 127 -1 5.89 1.61 50027427792150209
4 3 330 206 104 -1 5.52 1.7 58625197061115950
4 3 330 233 118 -1 5.52 1.46 62086875973573961
4 3 340 215 108 -1 5.49 1.53 85877413982208739
4 3 340 296 151 -1 7.11 2.06 50995215141052864
4 3 340 256 133 -1 6.5 1.9 105577411223226000
4 3 340 288 146 -1 7.14 2.15 96021614178735729
4 3 340 269 138 -1 6.58 1.74 65536216266468401
4 3 340 223 114 -1 5.55 1.61 71505740539509384
4 3 340 201 101 -1 4.96 1.39 55430535255226631
4 3 340 257 132 -1 6.34 1.89 67324810223115291
4 3 340 242 122 -1 6.16 1.76 58744877495325006
4 3 340 205 103 -1 5.01 1.49 54125020444050702
4 3 350 274 140 -1 7 2.08 91814848088445072
4 3 350 219 109 -1 5.55 1.56 82382755384900252
4 3 350 247 126 -1 6.4 1.85 117643772017990981
4 3 350 200 103 -1 5.28 1.56 89669260873082356
4 3 350 221 113 -1 5.67 1.49 87573879205112418
4 3 350 266 137 -1 6.79 2.1 79815417553392566
4 3 350 229 115 -1 6.02 1.77 74172366495706200
4 3 350 152 76 -1 3.96 1.16 102742046610614208
input10_9

input10_8

input10_7

input10_6

input10_5

input10_4

input10_3

input10_2

input10_1

input10_0

input20_7

input20_6

input20_4

input20_3

input20_2

input20_5

input20_1

input20_0

input20_8

input20_9

input30_1

input30_9

input30_0

input30_2

input30_8

input30_7

input30_3

input30_5

input30_4

input30_6

input40_1

input40_5

input40_9

input40_3

input40_7

input40_6

input40_2

input40_8

input40_4

input40_0

input50_2

input50_7

input50_5

input50_3

input50_9

input50_4

input50_1

input50_8

input50_6

input50_0

input60_2

input60_0

input60_9

input60_8

input60_5

input60_6

input60_1

input60_7

input60_4

input60_3

input70_4

input70_6

input70_7

input70_0

input70_8

input70_9

input70_1

input70_3

input70_5

input70_2

input80_4

input80_6

input80_0

input80_3

input80_9

input80_2

input80_1

input80_8

input80_5

input80_7

input90_1

input90_5

input90_4

input90_7

input90_8

input90_3

input90_2

input90_0

input90_6

input90_9

input100_5

input100_4

input100_7

input100_1

input100_9

input100_8

input100_2

input100_3

input100_0

input100_6

input110_6

input110_3

input110_8

input110_7

input110_5

input110_9

input110_4

input110_2

input110_1

input110_0

input120_8

input120_9

input120_7

input120_6

input120_2

input120_5

input120_4

input120_3

input120_1

input120_0

input130_4

input130_6

input130_0

input130_5

input130_7

input130_3

input130_9

input130_1

input130_8

input130_2

input140_2

input140_8

input140_7

input140_6

input140_3

input140_0

input140_5

input140_9

input140_1

input140_4

input150_6

input150_1

input150_7

input150_4

input150_3

input150_8

input150_0

input150_9

input150_5

input150_2

input160_0

input160_2

input160_6

input160_5

input160_3

input160_1

input160_4

input160_9

input160_8

input160_7

input170_6

input170_4

input170_3

input170_0

input170_8

input170_2

input170_7

input170_1

input170_9

input170_5

input180_5

input180_9

input180_6

input180_3

input180_0

input180_1

input180_8

input180_2

input180_4

input180_7

input190_0

input190_8

input190_6

input190_7

input190_4

input190_5

input190_1

input190_9

input190_2

input190_3

input200_0

input200_2

input200_9

input200_7

input200_5

input200_8

input200_6

input200_4

input200_3

input200_1

input210_5

input210_2

input210_0

input210_9

input210_1

input210_7

input210_8

input210_6

input210_3

input210_4

input220_4

input220_2

input220_1

input220_7

input220_0

input220_8

input220_3

input220_6

input220_9

input220_5

input230_6

input230_2

input230_0

input230_3

input230_5

input230_8

input230_1

input230_4

input230_9

input230_7

input240_3

input240_8

input240_2

input240_5

input240_4

input240_0

input240_9

input240_6

input240_1

input240_7

input250_7

input250_5

input250_1

input250_8

input250_2

input250_0

input250_6

input250_3

input250_9

input250_4

input260_7

input260_3

input260_0

input260_8

input260_1

input260_9

input260_4

input260_6

input260_5

input260_2

input270_3

input270_1

input270_6

input270_4

input270_0

input270_9

input270_5

input270_2

input270_8

input270_7

input280_9

input280_0

input280_1

input280_8

input280_7

input280_3

input280_5

input280_2

input280_6

input280_4

input290_0

input290_5

input290_4

input290_3

input290_9

input290_7

input290_2

input290_8

input290_1

input290_6

input300_4

input300_2

input300_8

input300_7

input300_6

input300_5

input300_0

input300_3

input300_1

input300_9

input310_2

input310_8

input310_4

input310_3

input310_5

input310_0

input310_7

input310_1

input310_6

input310_9

input320_1

input320_3

input320_7

input320_5

input320_2

input320_6

input320_8

input320_0

input320_9

input320_4

input330_0

input330_8

input330_6

input330_3

input330_5

input330_4

input330_2

input330_9

input330_7

input330_1

input340_8

input340_9

input340_6

input340_2

input340_7

input340_5

input340_0

input340_4

input340_1

input340_3

input350_8

input350_7

input350_1

input350_9

input350_5

input350_2

input350_6

input350_0

input350_44 3 350 229 115 -1 5.99 1.56 52993776384342484
4 3 350 278 141 -1 6.73 1.93 72810442580612616
4 3 360 239 121 -1 6.41 1.74 79801477978705953
4 3 360 252 128 -1 7.6 2.32 138732194791806335
4 3 360 232 118 -1 6.16 1.53 76176221617572268
4 3 360 275 138 -1 7.05 2.02 116070553251038230
4 3 360 269 139 -1 6.99 2 106927029156428393
4 3 360 242 124 -1 6.37 2.02 124888440454875503
4 3 360 287 147 -1 7.23 2.07 84565037207022213
4 3 360 265 136 -1 7.12 2.09 110886634995991589
4 3 360 230 117 -1 6.08 1.69 76953941537735166
4 3 360 254 130 -1 6.7 2.04 113946188866627370
4 3 370 250 127 -1 6.54 1.79 101500702732321234
4 3 370 292 147 -1 7.51 1.98 112694721438626216
4 3 370 363 188 -1 10.44 2.96 121126379138603182
4 3 370 249 128 -1 6.34 1.63 122929323176036557
4 3 370 312 162 -1 7.76 2.25 151819938407844190
4 3 370 213 108 -1 6.01 1.64 128005289378382794
4 3 370 295 153 -1 7.99 2.39 174763615866579411
4 3 370 157 80 -1 4.02 0.99 84665272380046480
4 3 370 190 97 -1 4.91 1.38 125495518688246336
4 3 370 243 123 -1 6.34 2.01 153866241915085913
4 3 380 272 139 -1 7.34 1.8 122535627920401678
4 3 380 281 146 -1 7.7 2.23 177717199211766491
4 3 380 250 126 -1 6.95 2.11 102875677318891876
4 3 380 239 124 -1 6.36 1.65 128711587311283934
4 3 380 284 149 -1 7.59 2.13 161227110127420130
4 3 380 227 118 -1 6.11 1.83 177913591138443345
4 3 380 310 159 -1 8.84 2.4 123083671955715018
4 3 380 209 105 -1 6.86 1.95 212410576303543912
4 3 380 293 149 -1 8.14 2.36 154430988153558037
4 3 380 219 110 -1 5.81 1.73 175326543538479294
4 3 390 236 120 -1 6.37 1.82 163518183479033658
4 3 390 253 129 -1 7.1 1.95 161104610717164669
4 3 390 243 123 -1 6.83 1.89 206521340320391684
4 3 390 361 185 -1 9.72 2.74 174570768160745694
4 3 390 282 144 -1 7.74 2.16 180517187095115720
4 3 390 224 113 -1 6.27 1.78 217545335955698432
4 3 390 251 127 -1 6.84 1.85 169860781370117744
4 3 390 273 140 -1 7.4 1.98 179475504384815061
4 3 390 330 169 -1 8.9 2.12 189989306755016822
4 3 390 191 95 -1 5.46 1.58 218521390978962145
4 3 400 224 115 -1 6.21 1.79 199075363887970473
4 3 400 195 100 -1 5.57 1.61 236406051401316366
4 3 400 270 139 -1 8.27 2.26 306337208715511456
4 3 400 170 85 -1 4.96 1.24 242193213964028966
4 3 400 277 140 -1 7.7 2.2 142511704370907546
4 3 400 199 102 -1 5.69 1.65 169027921910817413
4 3 400 283 144 -1 7.82 2.01 135570365119291865
4 3 400 241 122 -1 6.97 1.75 202828150089804499
4 3 400 277 141 -1 7.93 2.26 294141730550793524
4 3 400 232 118 -1 6.53 1.66 237132791586285020
4 3 410 330 170 -1 9.68 2.4 244580696335867119
4 3 410 274 140 -1 8.01 2.14 226354363094630915
4 3 410 292 150 -1 8.38 2.43 211366336565916808
4 3 410 197 100 -1 5.78 1.62 240169263251927882
4 3 410 267 135 -1 7.42 1.92 235117304678465065
4 3 410 280 142 -1 7.96 2.17 277442307690642768
4 3 410 370 188 -1 10.59 3.08 263805235363783337
4 3 410 250 126 -1 7.53 1.95 300373441632576658
4 3 410 324 168 -1 9.21 2.44 203480629715092319
4 3 410 188 95 -1 6.04 1.74 367437384636806336
4 3 420 271 136 -1 8 1.93 372152410609456613
4 3 420 232 118 -1 6.67 1.94 348301906885018484
4 3 420 237 119 -1 7.27 2.09 216290890322677219
4 3 420 176 89 -1 5.38 1.52 337677897520819579
4 3 420 211 107 -1 6.97 2 501379453701897119
4 3 420 202 102 -1 5.76 1.61 167578736682103846
4 3 420 229 115 -1 6.93 1.81 244517636733506359
4 3 420 322 164 -1 10.07 2.73 229007478808538800
4 3 420 266 133 -1 8.62 2.42 382609229341516028
4 3 420 246 127 -1 7.27 2.01 330770124044597593
4 3 430 337 172 -1 10.14 2.72 307561740232132796
4 3 430 374 190 -1 11.5 3.26 342189618101479844
4 3 430 285 145 -1 8.89 2.1 378397646101224267
4 3 430 271 137 -1 8.48 2.44 505340185087103841
4 3 430 312 158 -1 9.59 2.41 463602840910917474
4 3 430 240 121 -1 7.9 2.05 457093061895984632
4 3 430 347 182 -1 10.36 2.93 486004641533178987
4 3 430 310 157 -1 9.33 2.22 303665642364906914
4 3 430 240 124 -1 7.56 2.2 595004203504524640
4 3 430 250 127 -1 7.55 2.02 406351014445592763
4 3 440 249 127 -1 7.58 2.11 311915968652220364
4 3 440 309 160 -1 9.82 2.78 501127604808922308
4 3 440 326 166 -1 10.03 2.52 275171860785997806
4 3 440 226 116 -1 7.03 2.09 591950771632141781
4 3 440 207 105 -1 6.32 1.9 532410422954776433
4 3 440 208 105 -1 6.32 1.96 672853735717539517
4 3 440 318 164 -1 9.01 2.71 296400667286089287
4 3 440 267 134 -1 9.12 2.52 788298543836071145
4 3 440 208 104 -1 6.26 1.63 338898843137559538
4 3 440 238 121 -1 7.34 2.06 399790657680081861
4 3 450 240 123 -1 7.36 1.91 581126330467665360
4 3 450 255 131 -1 7.76 2.19 568761010921198961
4 3 450 255 128 -1 8.36 2.29 752043697569047457
4 3 450 253 128 -1 7.79 2.09 506994109732980362
4 3 450 221 112 -1 6.72 1.96 469554829475593156
4 3 450 331 170 -1 10.09 2.85 539621690035793679
4 3 450 269 137 -1 8.19 2.23 654337506422759202
4 3 450 298 151 -1 9.28 2.51 383772866980071078
4 3 450 265 134 -1 8.29 2.25 470188947906482906
4 3 450 241 124 -1 7.54 2.03 400094834465662846
4 3 460 203 103 -1 6.37 1.68 692728043274565067
4 3 460 202 104 -1 6.48 1.79 479968289027073618
4 3 460 299 153 -1 9.11 2.73 719709642879997865
4 3 460 317 161 -1 9.62 2.55 756482203683183941
4 3 460 223 114 -1 7.12 1.91 515027196729386800
4 3 460 245 124 -1 7.41 2.18 403864903181199729
4 3 460 177 88 -1 5.56 1.67 463053112366818866
4 3 460 369 187 -1 11.38 3.06 734458631488642710
4 3 460 300 154 -1 9.06 2.43 487406355226770415
4 3 460 205 104 -1 6.52 1.85 377781476861694264
4 3 470 262 135 -1 8.11 1.99 531932265417429974
4 3 470 314 160 -1 9.44 2.61 552099134914528137
4 3 470 260 135 -1 8.4 2.51 684574556201056697
4 3 470 248 127 -1 8.01 2.26 792295783924939729
4 3 470 276 140 -1 8.64 2.56 875026511984775575
4 3 470 331 169 -1 11.66 3.14 700423539986410722
4 3 470 259 133 -1 8.7 2.59 546812509585875032
4 3 470 264 135 -1 8.59 2.52 738168178868239355
4 3 470 270 137 -1 8.67 2.55 574204599867533761
4 3 470 252 127 -1 9.07 2.81 1156590465415789288
4 3 480 319 162 -1 11.23 3.29 796342979097051488
4 3 480 244 124 -1 8.34 2.14 700031189028496047
4 3 480 308 156 -1 10.23 2.65 874829527111542594
4 3 480 323 165 -1 11.04 3.04 963367293727213768
4 3 480 330 169 -1 10.93 3.14 991129131001605328
4 3 480 278 143 -1 8.95 2.51 623598122394697941
4 3 480 298 154 -1 10.17 2.94 772718523789937838
4 3 480 296 151 -1 10.58 2.85 1006912399997286055
4 3 480 230 116 -1 8.66 2.33 803257189834797185
4 3 480 264 133 -1 8.73 2.24 512673341428313228
4 3 490 309 158 -1 10.43 2.79 715486109214419771
4 3 490 325 166 -1 10.79 3.3 1236069570996707155
4 3 490 261 133 -1 8.91 2.54 746489341766729880
4 3 490 218 111 -1 7.56 1.89 856365461648763184
4 3 490 330 170 -1 11.26 3.17 1118573175729877177
4 3 490 236 121 -1 8.13 2.28 814871233067582876
4 3 490 274 140 -1 9.54 2.78 944952010386785161
4 3 490 231 116 -1 8.08 2.26 877509320753242199
4 3 490 202 103 -1 8.05 2.24 983864985569061508
4 3 490 260 130 -1 9.94 2.76 1604426730547664919


input350_3

input360_0

input360_8

input360_4

input360_6

input360_3

input360_1

input360_2

input360_5

input360_7

input360_9

input370_2

input370_8

input370_1

input370_9

input370_0

input370_4

input370_5

input370_6

input370_7

input370_3

input380_1

input380_9

input380_3

input380_5

input380_0

input380_6

input380_8

input380_2

input380_4

input380_7

input390_1

input390_8

input390_3

input390_6

input390_5

input390_9

input390_7

input390_4

input390_2

input390_0

input400_9

input400_7

input400_3

input400_5

input400_1

input400_2

input400_0

input400_4

input400_6

input400_8

input410_6

input410_2

input410_1

input410_3

input410_7

input410_8

input410_9

input410_5

input410_4

input410_0

input420_0

input420_3

input420_8

input420_4

input420_2

input420_6

input420_5

input420_1

input420_9

input420_7

input430_7

input430_9

input430_6

input430_3

input430_1

input430_5

input430_8

input430_2

input430_4

input430_0

input440_0

input440_6

input440_2

input440_3

input440_9

input440_7

input440_5

input440_1

input440_4

input440_8

input450_1

input450_5

input450_0

input450_7

input450_3

input450_4

input450_9

input450_2

input450_6

input450_8

input460_0

input460_3

input460_1

input460_9

input460_7

input460_4

input460_5

input460_6

input460_2

input460_8

input470_3

input470_7

input470_0

input470_5

input470_6

input470_9

input470_4

input470_2

input470_8

input470_1

input480_1

input480_4

input480_8

input480_0

input480_9

input480_6

input480_5

input480_3

input480_2

input480_7

input490_1

input490_2

input490_0

input490_5

input490_3

input490_6

input490_9

input490_7

input490_4

input490_8

