







































8 5 12 12 15 6 6 0.09 0 -2 9377200/1 7 6 3 0.010116  7 6 3 0.010173  7 6 3 0.008753 
8 5 12 12 15 6 6 0.09 0 -2 9377200/1 7 6 3 0.010141  7 6 3 0.010346  7 6 3 0.008512 
8 5 12 12 15 6 6 0.1 0 -2 9377200/1 7 6 3 0.010138  7 6 3 0.010158  7 6 3 0.008526 
8 5 12 12 15 6 6 0.1 0 -2 9377200/1 7 6 3 0.010206  7 6 3 0.010306  7 6 3 0.008498 
8 5 12 12 15 6 6 0.09 0 -2 9377200/1 7 6 3 0.009938  7 6 3 0.010385  7 6 3 0.00881 
8 5 12 12 15 6 6 0.1 0 -2 9377200/1 7 6 3 0.010029  7 6 3 0.010424  7 6 3 0.008673 
8 5 12 12 15 6 6 0.1 0 -2 9377200/1 7 6 3 0.009988  7 6 3 0.010279  7 6 3 0.008603 
8 5 12 12 15 6 6 0.09 0 -2 9377200/1 7 6 3 0.010246  7 6 3 0.010923  7 6 3 0.008777 
8 5 12 12 15 6 6 0.1 0 -2 9377200/1 7 6 3 0.010181  7 6 3 0.010286  7 6 3 0.008643 
8 5 12 12 15 6 6 0.09 0 -2 9377200/1 7 6 3 0.010277  7 6 3 0.010298  7 6 3 0.008452 
8 5 12 12 12 5 5 0.09 0 -2 15649920/1 6 5 3 0.009881  6 5 3 0.010161  6 5 3 0.008401 
8 5 12 12 12 5 5 0.08 0 -2 15649920/1 6 5 3 0.010448  6 5 3 0.010102  6 5 3 0.008596 
8 5 12 12 12 5 5 0.09 0 -2 15649920/1 6 5 3 0.009744  6 5 3 0.01014  6 5 3 0.008566 
8 5 12 12 12 5 5 0.08 0 -2 15649920/1 6 5 3 0.010848  6 5 3 0.010246  6 5 3 0.008646 
8 5 12 12 12 5 5 0.09 0 -2 15649920/1 6 5 3 0.009946  6 5 3 0.010099  6 5 3 0.008579 
8 5 12 12 12 5 5 0.09 0 -2 15649920/1 6 5 3 0.010523  6 5 3 0.010205  6 5 3 0.00858 
8 5 12 12 12 5 5 0.09 0 -2 15649920/1 6 5 3 0.010048  6 5 3 0.01016  6 5 3 0.008788 
8 5 12 12 12 5 5 0.09 0 -2 15649920/1 6 5 3 0.010081  6 5 3 0.010284  6 5 3 0.008563 
8 5 12 12 12 5 5 0.09 0 -2 15649920/1 6 5 3 0.009891  6 5 3 0.01134  6 5 3 0.008624 
8 5 12 12 12 5 5 0.08 0 -2 15649920/1 6 5 3 0.009982  6 5 3 0.010179  6 5 3 0.008624 
8 5 13 13 40 20 20 0.32 0.01 -2 9127856400/1 21 20 4 0.016199  21 20 4 0.013891  21 20 4 0.009428 
8 5 13 13 40 20 20 0.32 0 -2 9127856400/1 21 20 4 0.015991  21 20 4 0.013909  21 20 4 0.009467 
8 5 13 13 40 20 20 0.32 0.01 -2 9127856400/1 21 20 4 0.015955  21 20 4 0.014009  21 20 4 0.009196 
8 5 13 13 40 20 20 0.32 0.01 -2 9127856400/1 21 20 4 0.015915  21 20 4 0.013882  21 20 4 0.00933 
8 5 13 13 40 20 20 0.32 0.01 -2 9127856400/1 21 20 4 0.016047  21 20 4 0.014929  21 20 4 0.009314 
8 5 13 13 40 20 20 0.32 0.01 -2 9127856400/1 21 20 4 0.015988  21 20 4 0.014085  21 20 4 0.009472 
8 5 13 13 40 20 20 0.32 0 -2 9127856400/1 21 20 4 0.016008  21 20 4 0.01398  21 20 4 0.009215 
8 5 13 13 40 20 20 0.32 0.02 -2 9127856400/1 21 20 4 0.016026  21 20 4 0.014018  21 20 4 0.009333 
8 5 13 13 40 20 20 0.32 0 -2 9127856400/1 21 20 4 0.015926  21 20 4 0.013909  21 20 4 0.009355 
8 5 13 13 40 20 20 0.33 0 -2 9127856400/1 21 20 4 0.016078  21 20 4 0.013784  21 20 4 0.009402 
8 5 13 13 41 19 19 0.34 0.03 -2 32993643144/1 20 19 4 0.015348  20 19 4 0.013706  20 19 4 0.009133 
8 5 13 13 41 19 19 0.33 0.01 -2 32993643144/1 20 19 4 0.015407  20 19 4 0.014003  20 19 4 0.009309 
8 5 13 13 41 19 19 0.33 0.02 -2 32993643144/1 20 19 4 0.015197  20 19 4 0.013837  20 19 4 0.009343 
8 5 13 13 41 19 19 0.34 0.01 -2 32993643144/1 20 19 4 0.015255  20 19 4 0.013789  20 19 4 0.00917 
8 5 13 13 41 19 19 0.34 0.02 -2 32993643144/1 20 19 4 0.015403  20 19 4 0.013801  20 19 4 0.009159 
8 5 13 13 41 19 19 0.34 0.02 -2 32993643144/1 20 19 4 0.015308  20 19 4 0.01442  20 19 4 0.009164 
8 5 13 13 41 19 19 0.34 0.01 -2 32993643144/1 20 19 4 0.015285  20 19 4 0.013949  20 19 4 0.009048 
8 5 13 13 41 19 19 0.33 0 -2 32993643144/1 20 19 4 0.015317  20 19 4 0.013906  20 19 4 0.009114 
8 5 13 13 41 19 19 0.33 0 -2 32993643144/1 20 19 4 0.015342  20 19 4 0.014076  20 19 4 0.00928 
8 5 13 13 41 19 19 0.33 0.01 -2 32993643144/1 20 19 4 0.015119  20 19 4 0.01383  20 19 4 0.009062 
8 5 14 14 194 102 102 1.84 0.17 -2 831627426180240/1 103 102 5 0.136202  103 102 5 0.751085  103 102 5 0.160785 
8 5 14 14 194 102 102 1.79 0.16 -2 831627426180240/1 103 102 5 0.136426  103 102 5 0.750329  103 102 5 0.159808 
8 5 14 14 194 102 102 1.79 0.22 -2 831627426180240/1 103 102 5 0.135559  103 102 5 0.74916  103 102 5 0.160014 
8 5 14 14 194 102 102 1.8 0.21 -2 831627426180240/1 103 102 5 0.136651  103 102 5 0.749515  103 102 5 0.160624 
8 5 14 14 194 102 102 1.78 0.18 -2 831627426180240/1 103 102 5 0.136246  103 102 5 0.752751  103 102 5 0.160841 
8 5 14 14 194 102 102 1.79 0.24 -2 831627426180240/1 103 102 5 0.135495  103 102 5 0.748915  103 102 5 0.159896 
8 5 14 14 194 102 102 1.79 0.2 -2 831627426180240/1 103 102 5 0.135657  103 102 5 0.748781  103 102 5 0.160966 
8 5 14 14 194 102 102 1.79 0.21 -2 831627426180240/1 103 102 5 0.136191  103 102 5 0.749962  103 102 5 0.160693 
8 5 14 14 194 102 102 1.79 0.18 -2 831627426180240/1 103 102 5 0.138515  103 102 5 0.760848  103 102 5 0.162364 
8 5 14 14 194 102 102 1.79 0.22 -2 831627426180240/1 103 102 5 0.135349  103 102 5 0.751797  103 102 5 0.160406 
8 5 14 14 201 105 105 1.86 0.25 -2 14181168413911284/1 106 105 5 0.135511  106 105 5 0.579751  106 105 5 0.19623 
8 5 14 14 201 105 105 1.86 0.19 -2 14181168413911284/1 106 105 5 0.136074  106 105 5 0.580668  106 105 5 0.198311 
8 5 14 14 201 105 105 1.89 0.22 -2 14181168413911284/1 106 105 5 0.135775  106 105 5 0.582653  106 105 5 0.200732 
8 5 14 14 201 105 105 1.91 0.16 -2 14181168413911284/1 106 105 5 0.139138  106 105 5 0.590759  106 105 5 0.200184 
8 5 14 14 201 105 105 1.89 0.19 -2 14181168413911284/1 106 105 5 0.139312  106 105 5 0.591061  106 105 5 0.199582 
8 5 14 14 201 105 105 1.91 0.18 -2 14181168413911284/1 106 105 5 0.138569  106 105 5 0.580519  106 105 5 0.195573 
8 5 14 14 201 105 105 1.9 0.21 -2 14181168413911284/1 106 105 5 0.13579  106 105 5 0.578497  106 105 5 0.19624 
8 5 14 14 201 105 105 1.9 0.2 -2 14181168413911284/1 106 105 5 0.135614  106 105 5 0.581338  106 105 5 0.195493 
8 5 14 14 201 105 105 1.87 0.26 -2 14181168413911284/1 106 105 5 0.135859  106 105 5 0.581265  106 105 5 0.195783 
8 5 14 14 201 105 105 1.87 0.23 -2 14181168413911284/1 106 105 5 0.135466  106 105 5 0.583319  106 105 5 0.195873 
8 5 15 15 791 394 394 7.98 1.19 -2 51792354575097668/1 395 394 5 0.900115  395 394 5 23.932347  395 394 5 3.635422 
8 5 15 15 791 394 394 7.88 1.1 -2 51792354575097668/1 395 394 5 0.889252  395 394 5 23.956659  395 394 5 3.628755 
8 5 15 15 791 394 394 7.89 1.14 -2 51792354575097668/1 395 394 5 0.896956  395 394 5 24.005659  395 394 5 3.649921 
8 5 15 15 791 394 394 7.94 1.26 -2 51792354575097668/1 395 394 5 0.889849  395 394 5 24.257038  395 394 5 3.634855 
8 5 15 15 791 394 394 7.97 1.21 -2 51792354575097668/1 395 394 5 0.893847  395 394 5 24.0179  395 394 5 3.635464 
8 5 15 15 791 394 394 7.85 1.25 -2 51792354575097668/1 395 394 5 0.891608  395 394 5 24.027461  395 394 5 3.62854 
8 5 15 15 791 394 394 7.86 1.29 -2 51792354575097668/1 395 394 5 0.893396  395 394 5 24.140547  395 394 5 3.631772 
8 5 15 15 791 394 394 7.94 1.24 -2 51792354575097668/1 395 394 5 0.893277  395 394 5 23.957014  395 394 5 3.62967 
8 5 15 15 791 394 394 8.14 1.32 -2 51792354575097668/1 395 394 5 0.893343  395 394 5 23.999247  395 394 5 3.635125 
8 5 15 15 791 394 394 7.94 1.08 -2 51792354575097668/1 395 394 5 0.893114  395 394 5 23.965288  395 394 5 3.647313 
8 5 15 15 902 432 432 9.24 1.33 -2 298571889692580/1 433 432 5 0.938528  433 432 5 27.770544  433 432 5 4.940728 
8 5 15 15 902 432 432 9.31 1.27 -2 298571889692580/1 433 432 5 0.936245  433 432 5 27.776271  433 432 5 4.997464 
8 5 15 15 902 432 432 9.27 1.24 -2 298571889692580/1 433 432 5 0.934235  433 432 5 27.772245  433 432 5 4.955373 
8 5 15 15 902 432 432 9.28 1.28 -2 298571889692580/1 433 432 5 0.93743  433 432 5 27.773912  433 432 5 4.951614 
8 5 15 15 902 432 432 9.29 1.23 -2 298571889692580/1 433 432 5 0.93568  433 432 5 27.799472  433 432 5 4.959497 
8 5 15 15 902 432 432 9.31 1.12 -2 298571889692580/1 433 432 5 0.935378  433 432 5 27.870965  433 432 5 4.988536 
8 5 15 15 902 432 432 9.23 1.38 -2 298571889692580/1 433 432 5 0.93674  433 432 5 27.772924  433 432 5 4.939947 
8 5 15 15 902 432 432 9.43 1.42 -2 298571889692580/1 433 432 5 0.939201  433 432 5 27.770377  433 432 5 4.957114 
8 5 15 15 902 432 432 9.45 1.28 -2 298571889692580/1 433 432 5 0.936563  433 432 5 27.774207  433 432 5 4.966175 
8 5 15 15 902 432 432 9.35 1.42 -2 298571889692580/1 433 432 5 0.938696  433 432 5 27.852177  433 432 5 4.949072 
8 5 16 16 1993 904 904 22.21 3.49 -2 58293524819815449145/1 905 904 5 2.44928  905 904 5 170.314413  905 904 5 25.353287 
8 5 16 16 1993 904 904 22.18 3.43 -2 58293524819815449145/1 905 904 5 2.441172  905 904 5 170.531747  905 904 5 25.495673 
8 5 16 16 1993 904 904 22.22 3.41 -2 58293524819815449145/1 905 904 5 2.444432  905 904 5 170.517838  905 904 5 25.268243 
8 5 16 16 1993 904 904 22.13 3.37 -2 58293524819815449145/1 905 904 5 2.443462  905 904 5 171.544053  905 904 5 25.290837 
8 5 16 16 1993 904 904 22.15 3.13 -2 58293524819815449145/1 905 904 5 2.437687  905 904 5 170.298025  905 904 5 25.352089 
8 5 16 16 1993 904 904 22.06 3.32 -2 58293524819815449145/1 905 904 5 2.436233  905 904 5 170.287907  905 904 5 25.273748 
8 5 16 16 1993 904 904 22.3 3.3 -2 58293524819815449145/1 905 904 5 2.437161  905 904 5 170.650107  905 904 5 25.283522 
8 5 16 16 1993 904 904 22.14 3.66 -2 58293524819815449145/1 905 904 5 2.453158  905 904 5 170.370748  905 904 5 25.338758 
8 5 16 16 1993 904 904 22.16 3.27 -2 58293524819815449145/1 905 904 5 2.435204  905 904 5 170.193575  905 904 5 25.427539 
8 5 16 16 1993 904 904 22.4 3.5 -2 58293524819815449145/1 905 904 5 2.44656  905 904 5 170.253663  905 904 5 25.413981 
8 5 16 16 2645 1238 1238 31.03 5.38 -2 12374636850777253424/1 1239 1238 5 4.131143  1239 1238 5 316.866538  1239 1238 5 47.365663 
8 5 16 16 2645 1238 1238 31.15 5.35 -2 12374636850777253424/1 1239 1238 5 4.148851  1239 1238 5 317.279562  1239 1238 5 47.145112 
8 5 16 16 2645 1238 1238 31.42 5.16 -2 12374636850777253424/1 1239 1238 5 4.12757  1239 1238 5 316.928636  1239 1238 5 47.147702 
8 5 16 16 2645 1238 1238 30.98 5.6 -2 12374636850777253424/1 1239 1238 5 4.127801  1239 1238 5 317.041485  1239 1238 5 47.103473 
8 5 16 16 2645 1238 1238 31.2 5.35 -2 12374636850777253424/1 1239 1238 5 4.125903  1239 1238 5 316.783006  1239 1238 5 47.252467 
8 5 16 16 2645 1238 1238 31.03 5.69 -2 12374636850777253424/1 1239 1238 5 4.126206  1239 1238 5 316.887644  1239 1238 5 47.46195 
8 5 16 16 2645 1238 1238 30.92 5.66 -2 12374636850777253424/1 1239 1238 5 4.136024  1239 1238 5 316.516767  1239 1238 5 47.164483 
8 5 16 16 2645 1238 1238 31 5.58 -2 12374636850777253424/1 1239 1238 5 4.133857  1239 1238 5 316.53629  1239 1238 5 47.522753 
8 5 16 16 2645 1238 1238 30.94 5.4 -2 12374636850777253424/1 1239 1238 5 4.133724  1239 1238 5 317.313295  1239 1238 5 47.420472 
8 5 16 16 2645 1238 1238 31.24 5.26 -2 12374636850777253424/1 1239 1238 5 4.132498  1239 1238 5 316.753032  1239 1238 5 47.134469 
8 5 17 17 5812 2480 2480 79.5 11.56 -2 12631508391267665462/1 2481 2480 5 8.84759  2481 2480 5 1763.261536  2481 2480 5 208.090227 
8 5 17 17 5812 2480 2480 78.93 11.06 -2 12631508391267665462/1 2481 2480 5 8.826183  2481 2480 5 1733.057782  2481 2480 5 208.563942 
8 5 17 17 5812 2480 2480 79.65 10.86 -2 12631508391267665462/1 2481 2480 5 8.855989  2481 2480 5 1734.035697  2481 2480 5 210.462603 
8 5 17 17 5812 2480 2480 78.77 10.99 -2 12631508391267665462/1 2481 2480 5 8.781077  2481 2480 5 1751.286635  2481 2480 5 207.660953 
8 5 17 17 5812 2480 2480 78.67 11.43 -2 12631508391267665462/1 2481 2480 5 8.78657  2481 2480 5 1738.089794  2481 2480 5 208.127244 
8 5 17 17 5812 2480 2480 79.97 11.59 -2 12631508391267665462/1 2481 2480 5 8.865415  2481 2480 5 1729.677464  2481 2480 5 207.537547 
8 5 17 17 5812 2480 2480 78.97 11.36 -2 12631508391267665462/1 2481 2480 5 8.787443  2481 2480 5 1733.142479  2481 2480 5 210.204437 
8 5 17 17 5812 2480 2480 78.86 11.11 -2 12631508391267665462/1 2481 2480 5 8.822064  2481 2480 5 1731.815379  2481 2480 5 207.978165 
8 5 17 17 5812 2480 2480 79.31 11.62 -2 12631508391267665462/1 2481 2480 5 8.784184  2481 2480 5 1740.6066  2481 2480 5 207.910812 
8 5 17 17 5812 2480 2480 78.78 11.35 -2 12631508391267665462/1 2481 2480 5 8.825475  2481 2480 5 1734.702422  2481 2480 5 207.845398 
8 5 17 17 3811 1674 1674 55.29 7.32 -2 64460958232411106058/1 1675 1674 5 5.682342  1675 1674 5 761.372812  1675 1674 5 91.455039 
8 5 17 17 3811 1674 1674 54.44 7.37 -2 64460958232411106058/1 1675 1674 5 5.675778  1675 1674 5 758.534697  1675 1674 5 91.452258 
8 5 17 17 3811 1674 1674 54.7 7.49 -2 64460958232411106058/1 1675 1674 5 5.680658  1675 1674 5 761.857052  1675 1674 5 91.380065 
8 5 17 17 3811 1674 1674 54.84 7.32 -2 64460958232411106058/1 1675 1674 5 5.688107  1675 1674 5 758.901719  1675 1674 5 91.837615 
8 5 17 17 3811 1674 1674 54.66 7.53 -2 64460958232411106058/1 1675 1674 5 5.6882  1675 1674 5 758.559466  1675 1674 5 91.626782 
8 5 17 17 3811 1674 1674 54.5 7.28 -2 64460958232411106058/1 1675 1674 5 5.693442  1675 1674 5 759.047599  1675 1674 5 91.329735 
8 5 17 17 3811 1674 1674 54.74 6.91 -2 64460958232411106058/1 1675 1674 5 5.680408  1675 1674 5 759.544987  1675 1674 5 91.424514 
8 5 17 17 3811 1674 1674 54.58 7.25 -2 64460958232411106058/1 1675 1674 5 5.683615  1675 1674 5 759.707866  1675 1674 5 91.764833 
8 5 17 17 3811 1674 1674 55.28 7.48 -2 64460958232411106058/1 1675 1674 5 5.702987  1675 1674 5 759.168418  1675 1674 5 91.460414 
8 5 17 17 3811 1674 1674 54.58 7.42 -2 64460958232411106058/1 1675 1674 5 5.6841  1675 1674 5 758.743532  1675 1674 5 91.903239 
8 5 18 18 6624 2911 2911 113.75 12.89 -2 505131515136646056792/1 2912 2911 5 11.180898  2912 2911 5 2959.996689  2912 2911 5 277.612422 
8 5 18 18 6624 2911 2911 113.85 13.6 -2 505131515136646056792/1 2912 2911 5 11.171635  2912 2911 5 2951.058685  2912 2911 5 277.932126 
8 5 18 18 6624 2911 2911 113.65 12.69 -2 505131515136646056792/1 2912 2911 5 11.140982  2912 2911 5 2950.899379  2912 2911 5 277.549945 
8 5 18 18 6624 2911 2911 113.53 13.36 -2 505131515136646056792/1 2912 2911 5 11.157402  2912 2911 5 2961.657645  2912 2911 5 277.824603 
8 5 18 18 6624 2911 2911 114.21 13.09 -2 505131515136646056792/1 2912 2911 5 11.144771  2912 2911 5 2951.771061  2912 2911 5 278.240951 
8 5 18 18 6624 2911 2911 114.2 12.94 -2 505131515136646056792/1 2912 2911 5 11.176902  2912 2911 5 2954.047959  2912 2911 5 278.731538 
8 5 18 18 6624 2911 2911 114.35 13.25 -2 505131515136646056792/1 2912 2911 5 11.151499  2912 2911 5 2956.134299  2912 2911 5 277.77312 
8 5 18 18 6624 2911 2911 113.18 12.88 -2 505131515136646056792/1 2912 2911 5 11.14463  2912 2911 5 2947.42146  2912 2911 5 277.941581 
8 5 18 18 6624 2911 2911 114.85 13.07 -2 505131515136646056792/1 2912 2911 5 11.157655  2912 2911 5 2979.922921  2912 2911 5 278.846677 
8 5 18 18 6624 2911 2911 116.09 12.69 -2 505131515136646056792/1 2912 2911 5 11.284862  2912 2911 5 3020.609615  2912 2911 5 280.055299 
8 5 18 18 106 100 100 5.74 0.45 -2 6110483282294542774/1 101 100 5 0.491522  101 100 5 2.181537  101 100 5 0.203528 
8 5 18 18 106 100 100 5.55 0.4 -2 6110483282294542774/1 101 100 5 0.491588  101 100 5 2.184296  101 100 5 0.203115 
8 5 18 18 106 100 100 5.46 0.44 -2 6110483282294542774/1 101 100 5 0.501775  101 100 5 2.184851  101 100 5 0.203385 
8 5 18 18 106 100 100 5.53 0.32 -2 6110483282294542774/1 101 100 5 0.498207  101 100 5 2.226403  101 100 5 0.204805 
8 5 18 18 106 100 100 5.48 0.32 -2 6110483282294542774/1 101 100 5 0.49244  101 100 5 2.190074  101 100 5 0.20359 
8 5 18 18 106 100 100 5.48 0.45 -2 6110483282294542774/1 101 100 5 0.492057  101 100 5 2.18498  101 100 5 0.20523 
8 5 18 18 106 100 100 5.55 0.42 -2 6110483282294542774/1 101 100 5 0.492344  101 100 5 2.186057  101 100 5 0.206449 
8 5 18 18 106 100 100 5.62 0.44 -2 6110483282294542774/1 101 100 5 0.494272  101 100 5 2.185279  101 100 5 0.203677 
8 5 18 18 106 100 100 5.53 0.41 -2 6110483282294542774/1 101 100 5 0.49286  101 100 5 2.182719  101 100 5 0.203696 
8 5 18 18 106 100 100 5.52 0.41 -2 6110483282294542774/1 101 100 5 0.491167  101 100 5 2.183807  101 100 5 0.203553 
8 5 19 19 101 100 100 7.19 0.33 -2 611258994009746258/1 101 100 5 0.51765  101 100 5 2.279766  101 100 5 0.204891 
8 5 19 19 101 100 100 7.14 0.39 -2 611258994009746258/1 101 100 5 0.517439  101 100 5 2.268225  101 100 5 0.204057 
8 5 19 19 101 100 100 7.31 0.47 -2 611258994009746258/1 101 100 5 0.516309  101 100 5 2.26742  101 100 5 0.208009 
8 5 19 19 101 100 100 7.16 0.38 -2 611258994009746258/1 101 100 5 0.517151  101 100 5 2.267  101 100 5 0.205939 
8 5 19 19 101 100 100 7.18 0.4 -2 611258994009746258/1 101 100 5 0.517989  101 100 5 2.264627  101 100 5 0.208679 
8 5 19 19 101 100 100 7.27 0.35 -2 611258994009746258/1 101 100 5 0.519144  101 100 5 2.287482  101 100 5 0.205067 
8 5 19 19 101 100 100 7.19 0.41 -2 611258994009746258/1 101 100 5 0.516843  101 100 5 2.267676  101 100 5 0.206138 
8 5 19 19 101 100 100 7.15 0.39 -2 611258994009746258/1 101 100 5 0.517442  101 100 5 2.262959  101 100 5 0.205584 
8 5 19 19 101 100 100 7.24 0.38 -2 611258994009746258/1 101 100 5 0.517792  101 100 5 2.267808  101 100 5 0.205159 
8 5 19 19 101 100 100 7.15 0.37 -2 611258994009746258/1 101 100 5 0.516889  101 100 5 2.265152  101 100 5 0.206039 
8 5 19 19 101 100 100 7.28 0.45 -2 65452112826397087640/1 101 100 5 0.529646  101 100 5 2.461303  101 100 5 0.234945 
8 5 19 19 101 100 100 7.41 0.44 -2 65452112826397087640/1 101 100 5 0.528832  101 100 5 2.458707  101 100 5 0.237271 
8 5 19 19 101 100 100 7.24 0.41 -2 65452112826397087640/1 101 100 5 0.528446  101 100 5 2.461066  101 100 5 0.237203 
8 5 19 19 101 100 100 7.36 0.41 -2 65452112826397087640/1 101 100 5 0.529992  101 100 5 2.48615  101 100 5 0.23259 
8 5 19 19 101 100 100 7.29 0.42 -2 65452112826397087640/1 101 100 5 0.528801  101 100 5 2.458423  101 100 5 0.233632 
8 5 19 19 101 100 100 7.26 0.42 -2 65452112826397087640/1 101 100 5 0.527987  101 100 5 2.459612  101 100 5 0.234483 
8 5 19 19 101 100 100 7.33 0.38 -2 65452112826397087640/1 101 100 5 0.529068  101 100 5 2.486322  101 100 5 0.234406 
8 5 19 19 101 100 100 7.29 0.41 -2 65452112826397087640/1 101 100 5 0.528566  101 100 5 2.460696  101 100 5 0.235837 
8 5 19 19 101 100 100 7.23 0.32 -2 65452112826397087640/1 101 100 5 0.529094  101 100 5 2.490562  101 100 5 0.233435 
8 5 19 19 101 100 100 7.3 0.38 -2 65452112826397087640/1 101 100 5 0.530473  101 100 5 2.464345  101 100 5 0.23282 
8 5 20 20 102 100 100 9.29 0.41 -2 7065041045268076081423/1 101 100 5 0.561775  101 100 5 2.366577  101 100 5 0.233041 
8 5 20 20 102 100 100 9.2 0.42 -2 7065041045268076081423/1 101 100 5 0.563818  101 100 5 2.351958  101 100 5 0.233318 
8 5 20 20 102 100 100 9.12 0.47 -2 7065041045268076081423/1 101 100 5 0.568729  101 100 5 2.34759  101 100 5 0.231727 
8 5 20 20 102 100 100 9.24 0.36 -2 7065041045268076081423/1 101 100 5 0.562094  101 100 5 2.345331  101 100 5 0.231723 
8 5 20 20 102 100 100 9.16 0.37 -2 7065041045268076081423/1 101 100 5 0.570825  101 100 5 2.355506  101 100 5 0.232158 
8 5 20 20 102 100 100 9.08 0.4 -2 7065041045268076081423/1 101 100 5 0.563036  101 100 5 2.349409  101 100 5 0.232197 
8 5 20 20 102 100 100 9.2 0.28 -2 7065041045268076081423/1 101 100 5 0.56174  101 100 5 2.374164  101 100 5 0.235903 
8 5 20 20 102 100 100 9.07 0.35 -2 7065041045268076081423/1 101 100 5 0.564475  101 100 5 2.353268  101 100 5 0.233565 
8 5 20 20 102 100 100 9.09 0.42 -2 7065041045268076081423/1 101 100 5 0.56111  101 100 5 2.349392  101 100 5 0.231402 
8 5 20 20 102 100 100 9.36 0.38 -2 7065041045268076081423/1 101 100 5 0.56084  101 100 5 2.35339  101 100 5 0.23259 
8 5 20 20 100 100 100 8.62 0.37 -2 5347445589437510211058/1 101 100 5 0.586682  101 100 5 2.58751  101 100 5 0.230272 
8 5 20 20 100 100 100 8.72 0.4 -2 5347445589437510211058/1 101 100 5 0.587052  101 100 5 2.585241  101 100 5 0.228655 
8 5 20 20 100 100 100 8.64 0.46 -2 5347445589437510211058/1 101 100 5 0.593593  101 100 5 2.586634  101 100 5 0.229504 
8 5 20 20 100 100 100 8.64 0.4 -2 5347445589437510211058/1 101 100 5 0.589838  101 100 5 2.587298  101 100 5 0.23206 
8 5 20 20 100 100 100 8.68 0.35 -2 5347445589437510211058/1 101 100 5 0.588349  101 100 5 2.61137  101 100 5 0.22904 
8 5 20 20 100 100 100 8.67 0.4 -2 5347445589437510211058/1 101 100 5 0.585684  101 100 5 2.583837  101 100 5 0.230294 
8 5 20 20 100 100 100 8.63 0.42 -2 5347445589437510211058/1 101 100 5 0.586491  101 100 5 2.583507  101 100 5 0.228069 
8 5 20 20 100 100 100 8.63 0.35 -2 5347445589437510211058/1 101 100 5 0.586306  101 100 5 2.586137  101 100 5 0.228186 
8 5 20 20 100 100 100 8.62 0.41 -2 5347445589437510211058/1 101 100 5 0.587037  101 100 5 2.587057  101 100 5 0.229164 
8 5 20 20 100 100 100 8.78 0.37 -2 5347445589437510211058/1 101 100 5 0.588307  101 100 5 2.585219  101 100 5 0.227802 
8 5 21 21 106 100 100 8.44 0.29 -2 10385254845271727657749/1 101 100 5 0.4368  101 100 5 1.717833  101 100 5 0.193567 
8 5 21 21 106 100 100 8.5 0.27 -2 10385254845271727657749/1 101 100 5 0.438968  101 100 5 1.744129  101 100 5 0.194372 
8 5 21 21 106 100 100 8.58 0.29 -2 10385254845271727657749/1 101 100 5 0.439247  101 100 5 1.71867  101 100 5 0.195644 
8 5 21 21 106 100 100 8.49 0.25 -2 10385254845271727657749/1 101 100 5 0.439518  101 100 5 1.717703  101 100 5 0.195907 
8 5 21 21 106 100 100 8.5 0.28 -2 10385254845271727657749/1 101 100 5 0.439738  101 100 5 1.734519  101 100 5 0.194955 
8 5 21 21 106 100 100 8.64 0.35 -2 10385254845271727657749/1 101 100 5 0.439755  101 100 5 1.719533  101 100 5 0.194746 
8 5 21 21 106 100 100 8.5 0.29 -2 10385254845271727657749/1 101 100 5 0.439082  101 100 5 1.717806  101 100 5 0.194867 
8 5 21 21 106 100 100 8.46 0.2 -2 10385254845271727657749/1 101 100 5 0.440894  101 100 5 1.722457  101 100 5 0.194243 
8 5 21 21 106 100 100 8.41 0.23 -2 10385254845271727657749/1 101 100 5 0.437874  101 100 5 1.715939  101 100 5 0.193709 
8 5 21 21 106 100 100 8.51 0.29 -2 10385254845271727657749/1 101 100 5 0.443144  101 100 5 1.735344  101 100 5 0.193622 
8 5 21 21 102 100 100 11.03 0.42 -2 6447470813272741415304/1 101 100 5 0.502858  101 100 5 2.458788  101 100 5 0.225817 
8 5 21 21 102 100 100 10.93 0.38 -2 6447470813272741415304/1 101 100 5 0.502199  101 100 5 2.455731  101 100 5 0.225354 
8 5 21 21 102 100 100 11.22 0.39 -2 6447470813272741415304/1 101 100 5 0.510238  101 100 5 2.457187  101 100 5 0.227973 
8 5 21 21 102 100 100 11.2 0.34 -2 6447470813272741415304/1 101 100 5 0.503181  101 100 5 2.459283  101 100 5 0.227136 
8 5 21 21 102 100 100 11.11 0.37 -2 6447470813272741415304/1 101 100 5 0.504188  101 100 5 2.455194  101 100 5 0.227217 
8 5 21 21 102 100 100 11.15 0.4 -2 6447470813272741415304/1 101 100 5 0.503113  101 100 5 2.457281  101 100 5 0.225888 
8 5 21 21 102 100 100 11.11 0.33 -2 6447470813272741415304/1 101 100 5 0.502285  101 100 5 2.455839  101 100 5 0.227019 
8 5 21 21 102 100 100 11.03 0.42 -2 6447470813272741415304/1 101 100 5 0.504199  101 100 5 2.457357  101 100 5 0.227034 
8 5 21 21 102 100 100 11.16 0.41 -2 6447470813272741415304/1 101 100 5 0.501915  101 100 5 2.456882  101 100 5 0.225997 
8 5 21 21 102 100 100 11.07 0.39 -2 6447470813272741415304/1 101 100 5 0.513849  101 100 5 2.458141  101 100 5 0.226707 
8 5 22 22 101 100 100 10.86 0.37 -2 58384150673769354527071/1 101 100 5 0.573936  101 100 5 2.372208  101 100 5 0.237261 
8 5 22 22 101 100 100 10.98 0.29 -2 58384150673769354527071/1 101 100 5 0.575265  101 100 5 2.37385  101 100 5 0.236796 
8 5 22 22 101 100 100 10.97 0.39 -2 58384150673769354527071/1 101 100 5 0.574394  101 100 5 2.369283  101 100 5 0.236253 
8 5 22 22 101 100 100 10.82 0.36 -2 58384150673769354527071/1 101 100 5 0.573851  101 100 5 2.37279  101 100 5 0.237144 
8 5 22 22 101 100 100 10.95 0.4 -2 58384150673769354527071/1 101 100 5 0.574304  101 100 5 2.368971  101 100 5 0.236809 
8 5 22 22 101 100 100 10.95 0.39 -2 58384150673769354527071/1 101 100 5 0.579897  101 100 5 2.371679  101 100 5 0.237723 
8 5 22 22 101 100 100 10.89 0.34 -2 58384150673769354527071/1 101 100 5 0.584618  101 100 5 2.371866  101 100 5 0.238413 
8 5 22 22 101 100 100 10.96 0.39 -2 58384150673769354527071/1 101 100 5 0.574157  101 100 5 2.371458  101 100 5 0.237022 
8 5 22 22 101 100 100 10.89 0.42 -2 58384150673769354527071/1 101 100 5 0.57395  101 100 5 2.370585  101 100 5 0.236612 
8 5 22 22 101 100 100 10.91 0.34 -2 58384150673769354527071/1 101 100 5 0.577685  101 100 5 2.369551  101 100 5 0.236148 
8 5 22 22 101 100 100 11.81 0.38 -2 222021408308280264355167/1 101 100 5 0.597331  101 100 5 2.591247  101 100 5 0.272532 
8 5 22 22 101 100 100 12.04 0.34 -2 222021408308280264355167/1 101 100 5 0.604765  101 100 5 2.593992  101 100 5 0.271349 
8 5 22 22 101 100 100 11.67 0.4 -2 222021408308280264355167/1 101 100 5 0.597778  101 100 5 2.595406  101 100 5 0.274452 
8 5 22 22 101 100 100 11.61 0.36 -2 222021408308280264355167/1 101 100 5 0.597974  101 100 5 2.59456  101 100 5 0.270602 
8 5 22 22 101 100 100 11.62 0.44 -2 222021408308280264355167/1 101 100 5 0.599408  101 100 5 2.59214  101 100 5 0.273568 
8 5 22 22 101 100 100 11.73 0.46 -2 222021408308280264355167/1 101 100 5 0.599237  101 100 5 2.589261  101 100 5 0.271099 
8 5 22 22 101 100 100 11.63 0.5 -2 222021408308280264355167/1 101 100 5 0.599319  101 100 5 2.595041  101 100 5 0.272823 
8 5 22 22 101 100 100 11.83 0.39 -2 222021408308280264355167/1 101 100 5 0.599468  101 100 5 2.594902  101 100 5 0.275049 
8 5 22 22 101 100 100 11.75 0.38 -2 222021408308280264355167/1 101 100 5 0.597404  101 100 5 2.589028  101 100 5 0.270398 
8 5 22 22 101 100 100 11.88 0.43 -2 222021408308280264355167/1 101 100 5 0.59792  101 100 5 2.592524  101 100 5 0.27245 
8 5 23 23 100 100 100 13.39 0.46 -2 175956672126885575089648/1 101 100 5 0.589753  101 100 5 2.649338  101 100 5 0.27171 
8 5 23 23 100 100 100 13.17 0.38 -2 175956672126885575089648/1 101 100 5 0.590862  101 100 5 2.65276  101 100 5 0.268623 
8 5 23 23 100 100 100 13.14 0.41 -2 175956672126885575089648/1 101 100 5 0.590278  101 100 5 2.646327  101 100 5 0.270768 
8 5 23 23 100 100 100 13.28 0.42 -2 175956672126885575089648/1 101 100 5 0.595116  101 100 5 2.643734  101 100 5 0.26909 
8 5 23 23 100 100 100 13.21 0.41 -2 175956672126885575089648/1 101 100 5 0.589823  101 100 5 2.641538  101 100 5 0.26878 
8 5 23 23 100 100 100 13.23 0.36 -2 175956672126885575089648/1 101 100 5 0.591108  101 100 5 2.715124  101 100 5 0.269732 
8 5 23 23 100 100 100 13.24 0.41 -2 175956672126885575089648/1 101 100 5 0.589544  101 100 5 2.645395  101 100 5 0.270549 
8 5 23 23 100 100 100 13.51 0.49 -2 175956672126885575089648/1 101 100 5 0.591654  101 100 5 2.644475  101 100 5 0.269473 
8 5 23 23 100 100 100 13.21 0.41 -2 175956672126885575089648/1 101 100 5 0.589709  101 100 5 2.64589  101 100 5 0.270172 
8 5 23 23 100 100 100 13.23 0.45 -2 175956672126885575089648/1 101 100 5 0.594744  101 100 5 2.644275  101 100 5 0.268977 
8 5 23 23 102 100 100 13.44 0.4 -2 25112768323185751870648/1 101 100 5 0.57447  101 100 5 2.611289  101 100 5 0.246221 
8 5 23 23 102 100 100 13.42 0.44 -2 25112768323185751870648/1 101 100 5 0.574334  101 100 5 2.610427  101 100 5 0.246861 
8 5 23 23 102 100 100 13.31 0.45 -2 25112768323185751870648/1 101 100 5 0.577712  101 100 5 2.610365  101 100 5 0.247059 
8 5 23 23 102 100 100 13.34 0.41 -2 25112768323185751870648/1 101 100 5 0.574504  101 100 5 2.609471  101 100 5 0.246304 
8 5 23 23 102 100 100 13.45 0.35 -2 25112768323185751870648/1 101 100 5 0.575016  101 100 5 2.610896  101 100 5 0.247983 
8 5 23 23 102 100 100 13.51 0.37 -2 25112768323185751870648/1 101 100 5 0.575519  101 100 5 2.614925  101 100 5 0.247313 
8 5 23 23 102 100 100 13.46 0.44 -2 25112768323185751870648/1 101 100 5 0.576961  101 100 5 2.613869  101 100 5 0.246738 
8 5 23 23 102 100 100 13.44 0.36 -2 25112768323185751870648/1 101 100 5 0.574509  101 100 5 2.611125  101 100 5 0.248196 
8 5 23 23 102 100 100 13.35 0.39 -2 25112768323185751870648/1 101 100 5 0.575805  101 100 5 2.611359  101 100 5 0.246551 
8 5 23 23 102 100 100 13.45 0.42 -2 25112768323185751870648/1 101 100 5 0.575042  101 100 5 2.609196  101 100 5 0.245805 
8 5 24 24 102 100 100 14.77 0.45 -2 4397109665153785812447562/1 101 100 5 0.587351  101 100 5 2.723286  101 100 5 0.270535 
8 5 24 24 102 100 100 14.66 0.36 -2 4397109665153785812447562/1 101 100 5 0.587837  101 100 5 2.721244  101 100 5 0.271872 
8 5 24 24 102 100 100 14.61 0.38 -2 4397109665153785812447562/1 101 100 5 0.587368  101 100 5 2.723889  101 100 5 0.270032 
8 5 24 24 102 100 100 14.88 0.47 -2 4397109665153785812447562/1 101 100 5 0.588316  101 100 5 2.726779  101 100 5 0.271437 
8 5 24 24 102 100 100 14.61 0.4 -2 4397109665153785812447562/1 101 100 5 0.587124  101 100 5 2.755469  101 100 5 0.270481 
8 5 24 24 102 100 100 14.66 0.4 -2 4397109665153785812447562/1 101 100 5 0.587876  101 100 5 2.726936  101 100 5 0.27096 
8 5 24 24 102 100 100 14.68 0.41 -2 4397109665153785812447562/1 101 100 5 0.586782  101 100 5 2.724224  101 100 5 0.273177 
8 5 24 24 102 100 100 14.7 0.38 -2 4397109665153785812447562/1 101 100 5 0.595065  101 100 5 2.723692  101 100 5 0.270806 
8 5 24 24 102 100 100 14.94 0.43 -2 4397109665153785812447562/1 101 100 5 0.587597  101 100 5 2.727164  101 100 5 0.271391 
8 5 24 24 102 100 100 14.6 0.4 -2 4397109665153785812447562/1 101 100 5 0.587143  101 100 5 2.725547  101 100 5 0.270752 
8 5 24 24 101 100 100 15.28 0.41 -2 400471389871215615101751/1 101 100 5 0.557311  101 100 5 2.340876  101 100 5 0.247215 
8 5 24 24 101 100 100 15.13 0.4 -2 400471389871215615101751/1 101 100 5 0.554733  101 100 5 2.341105  101 100 5 0.246983 
8 5 24 24 101 100 100 15.23 0.48 -2 400471389871215615101751/1 101 100 5 0.556322  101 100 5 2.338303  101 100 5 0.246177 
8 5 24 24 101 100 100 15.26 0.52 -2 400471389871215615101751/1 101 100 5 0.556333  101 100 5 2.339957  101 100 5 0.246468 
8 5 24 24 101 100 100 15.51 0.51 -2 400471389871215615101751/1 101 100 5 0.556607  101 100 5 2.343024  101 100 5 0.251026 
8 5 24 24 101 100 100 15.35 0.45 -2 400471389871215615101751/1 101 100 5 0.55602  101 100 5 2.345737  101 100 5 0.246622 
8 5 24 24 101 100 100 15.24 0.42 -2 400471389871215615101751/1 101 100 5 0.557725  101 100 5 2.340365  101 100 5 0.246599 
8 5 24 24 101 100 100 15.21 0.38 -2 400471389871215615101751/1 101 100 5 0.555155  101 100 5 2.338248  101 100 5 0.245955 
8 5 24 24 101 100 100 15.36 0.39 -2 400471389871215615101751/1 101 100 5 0.555182  101 100 5 2.34611  101 100 5 0.247684 
8 5 24 24 101 100 100 15.33 0.28 -2 400471389871215615101751/1 101 100 5 0.554953  101 100 5 2.345996  101 100 5 0.246278 
8 5 25 25 102 100 100 18.62 0.41 -2 977912145776388221353998/1 101 100 5 0.584613  101 100 5 2.436435  101 100 5 0.260086 
8 5 25 25 102 100 100 18.68 0.33 -2 977912145776388221353998/1 101 100 5 0.584295  101 100 5 2.445017  101 100 5 0.259795 
8 5 25 25 102 100 100 18.84 0.42 -2 977912145776388221353998/1 101 100 5 0.58487  101 100 5 2.435374  101 100 5 0.261208 
8 5 25 25 102 100 100 18.68 0.39 -2 977912145776388221353998/1 101 100 5 0.585754  101 100 5 2.43418  101 100 5 0.259406 
8 5 25 25 102 100 100 18.83 0.45 -2 977912145776388221353998/1 101 100 5 0.586783  101 100 5 2.430383  101 100 5 0.260994 
8 5 25 25 102 100 100 18.83 0.28 -2 977912145776388221353998/1 101 100 5 0.590155  101 100 5 2.437342  101 100 5 0.259475 
8 5 25 25 102 100 100 18.72 0.33 -2 977912145776388221353998/1 101 100 5 0.58598  101 100 5 2.4392  101 100 5 0.259835 
8 5 25 25 102 100 100 19.24 0.37 -2 977912145776388221353998/1 101 100 5 0.585553  101 100 5 2.435195  101 100 5 0.259367 
8 5 25 25 102 100 100 18.91 0.39 -2 977912145776388221353998/1 101 100 5 0.585544  101 100 5 2.448829  101 100 5 0.259663 
8 5 25 25 102 100 100 18.94 0.43 -2 977912145776388221353998/1 101 100 5 0.584336  101 100 5 2.447703  101 100 5 0.259141 
8 5 25 25 104 100 100 16.16 0.34 -2 12285388826539117136627732/1 101 100 5 0.506643  101 100 5 2.118609  101 100 5 0.265294 
8 5 25 25 104 100 100 15.94 0.39 -2 12285388826539117136627732/1 101 100 5 0.503048  101 100 5 2.116718  101 100 5 0.26405 
8 5 25 25 104 100 100 15.97 0.35 -2 12285388826539117136627732/1 101 100 5 0.502541  101 100 5 2.123928  101 100 5 0.264679 
8 5 25 25 104 100 100 16.06 0.41 -2 12285388826539117136627732/1 101 100 5 0.503181  101 100 5 2.121778  101 100 5 0.264886 
8 5 25 25 104 100 100 16.02 0.32 -2 12285388826539117136627732/1 101 100 5 0.50446  101 100 5 2.11827  101 100 5 0.265462 
8 5 25 25 104 100 100 15.93 0.41 -2 12285388826539117136627732/1 101 100 5 0.505335  101 100 5 2.110703  101 100 5 0.265097 
8 5 25 25 104 100 100 16.21 0.44 -2 12285388826539117136627732/1 101 100 5 0.504098  101 100 5 2.116579  101 100 5 0.265919 
8 5 25 25 104 100 100 16.09 0.43 -2 12285388826539117136627732/1 101 100 5 0.502966  101 100 5 2.114502  101 100 5 0.264502 
8 5 25 25 104 100 100 15.98 0.35 -2 12285388826539117136627732/1 101 100 5 0.504319  101 100 5 2.114105  101 100 5 0.264763 
8 5 25 25 104 100 100 16.38 0.34 -2 12285388826539117136627732/1 101 100 5 0.503655  101 100 5 2.117313  101 100 5 0.26446 
