10 0.59 0.00
10 1.20 0.01
10 0.56 0.00
10 0.46 0.00
10 0.68 0.00
10 1.07 0.01
10 0.82 0.00
10 0.36 0.00
10 0.69 0.00
10 0.79 0.01
11 14.91 0.04
11 5.31 0.03
11 34.29 0.07
11 16.45 0.05
11 16.40 0.05
11 6.02 0.03
11 21.50 0.05
11 14.39 0.04
11 15.48 0.03
11 11.00 0.04
12 74.79 0.27
12 127.28 0.31
12 142.11 0.24
12 137.36 0.31
12 141.47 0.31
12 108.98 0.28
12 Command exited with non-zero status 1 0.16
12 Command exited with non-zero status 1 0.18
12 40.98 0.24
12 57.69 0.24
13 169.76 0.60
13 589.32 0.77
13 413.63 0.67
13 51.96 0.46
13 276.54 0.61
13 200.94 0.62
13 62.05 0.62
13 95.18 0.54
13 185.78 0.65
13 307.65 0.64
14 382.95 1.34
14 1405.19 1.64
14 537.90 1.51
14 603.57 1.50
14 714.00 1.56
14 1811.35 1.90
14 461.09 1.48
14 262.98 1.32
14 764.00 1.56
14 1377.83 1.72
15 327.24 3.05
15 525.43 2.93
15 160.68 3.09
15 2822.82 3.66
15 413.20 3.19
15 2861.64 3.34
15 2809.23 3.88
15 2002.21 3.61
15 588.08 3.18
15 1740.84 3.52
16 4373.16 7.60
16 4991.43 8.44
16 7519.17 8.46
16 7613.17 8.68
16 2382.60 8.23
16 963.72 8.06
16 