10 0.00
10 0.01
10 0.00
10 0.00
10 0.00
10 0.00
10 0.00
10 0.00
10 0.00
10 0.01
11 0.04
11 0.03
11 0.07
11 0.05
11 0.05
11 0.04
11 0.04
11 0.04
11 0.04
11 0.04
12 0.26
12 0.31
12 0.24
12 0.31
12 0.32
12 0.28
12 0.16
12 0.19
12 0.24
12 0.25
13 0.59
13 0.76
13 0.70
13 0.46
13 0.62
13 0.63
13 0.62
13 0.54
13 0.65
13 0.64
14 1.36
14 1.68
14 1.53
14 1.51
14 1.59
14 1.88
14 1.50
14 1.34
14 1.53
14 1.71
15 3.07
15 2.95
15 3.07
15 3.64
15 3.20
15 3.35
15 3.90
15 3.60
15 3.21
15 3.54
16 7.67
16 8.48
16 8.48
16 8.76
16 8.25
16 8.05
16 8.90
16 8.46
16 7.60
16 7.14
17 14.90
17 16.60
17 16.70
17 15.52
17 15.90
17 15.12
17 15.80
17 16.87
17 16.92
17 16.88
18 29.57
18 28.12
18 29.83
18 34.37
18 29.74
18 31.62
18 29.36
18 29.50
18 32.87
18 28.07
19 54.67
19 54.73
19 54.05
19 54.26
19 54.66
19 55.98
19 51.93
19 57.85
19 56.65
19 55.23
20 107.66
20 103.76
20 97.13
20 101.17
20 93.81
20 101.14
20 91.57
20 103.09
20 115.95
20 98.14
21 189.53
21 179.80
21 176.81
21 169.23
21 175.70
21 177.76
21 194.76
21 187.70
21 184.05
21 180.75
22 
22 315.34
22 Command terminated by signal 2
22 294.48
22 286.64
22 288.57
22 317.83
22 287.62
22 318.63
22 290.09
23 501.19
23 530.36
23 495.55
23 488.27
23 497.39
23 484.52
23 538.15
23 492.36
23 499.14
23 509.07
24 729.58
24 748.81
24 802.73
24 809.85
24 763.42
24 796.43
24 824.65
24 792.53
24 876.73
24 784.36
25 1169.69
25 1171.79
25 1165.17
25 1269.39
25 1189.26
25 1257.87
25 1233.02
25 1091.68
25 1227.28
25 1350.26
26 1781.48
26 1856.22
26 1869.99
26 1804.22
26 2229.02
26 2195.22
26 2074.37
26 1980.00
26 1761.70
26 1961.14
27 2629.46
27 2822.48
27 2916.44
27 2769.15
27 2913.07
27 2864.54
27 3147.10
27 3007.11
27 2836.01
27 2934.49
28 4393.32
28 4889.01
28 4416.05
28 4119.12
28 4388.79
28 4484.24
28 3989.18
28 4455.33
28 3885.71
28 4568.56
29 6075.08
29 6188.56
29 5481.75
29 5693.35
29 6361.32
29 5977.83
29 5968.82
29 6559.01
29 6392.74
29 5893.86
30 7990.09
30 8833.80
30 8413.86
30 9042.76
30 8944.64
30 8617.43
30 9142.31
30 9002.76
30 7831.44
30 8682.09
31 12809.50
31 12628.89
31 13579.12
31 11896.06
31 12739.66
31 