6 4 3 10 10 10 5 -1 0.07 0 0 -2 24/1
6 4 3 10 10 17 6 -1 0.15 0 0 -2 42/1
6 4 3 10 10 10 5 -1 0.08 0 0 -2 768/1
6 4 3 10 10 9 4 -1 0.06 0 0 -2 32/1
6 4 3 10 10 11 5 -1 0.08 0 0 -2 18/1
6 4 2 10 10 12 4 -1 0.1 0 0 -2 3/1
6 4 3 10 10 10 5 -1 0.08 0 0 -2 24/1
6 4 2 10 10 13 4 -1 0.09 0 0 -2 12/1
6 4 3 10 10 10 5 -1 0.08 0 0 -2 12/1
6 4 3 10 10 13 6 -1 0.1 0 0 -2 256/1
6 4 4 11 11 23 10 -1 0.41 0 0 -2 477/1
6 4 3 11 11 22 8 -1 0.36 0 0 -2 10344/1
6 4 4 11 11 43 20 -1 0.94 0 0 -2 152988/1
6 4 4 11 11 28 15 -1 0.58 0 0 -2 3572/1
6 4 4 11 11 32 16 -1 0.67 0.03 0 -2 5508/1
6 4 4 11 11 25 14 -1 0.39 0 0 -2 12069/1
6 4 4 11 11 33 15 -1 0.64 0 0 -2 78988/1
6 4 4 11 11 21 11 -1 0.39 0.01 0 -2 9757/1
6 4 4 11 11 24 11 -1 0.48 0.01 0 -2 162176/1
6 4 4 11 11 21 10 -1 0.3 0 0 -2 13770/1
6 4 4 12 12 71 37 -1 2.67 0.02 0 -2 160980/1
6 4 4 12 12 90 46 -1 5.19 0.04 0 -2 363516/1
6 4 4 12 12 72 39 -1 2.84 0.02 0 -2 946848/1
6 4 4 12 12 90 48 -1 2.66 0.06 0 -2 490642/1
6 4 4 12 12 98 52 -1 5 0.06 0 -2 241658/1
6 4 4 12 12 78 41 -1 3.42 0.03 0 -2 141880/1
6 4 4 12 12 45 27 -1 1.59 0 0 -2 26634/1
6 4 4 12 12 60 33 -1 1.97 0.02 0 -2 939836/1
6 4 4 12 12 57 32 -1 2.15 0 0 -2 142512/1
6 4 4 12 12 61 31 -1 2.53 0.02 0 -2 156948/1
6 4 4 13 13 92 51 -1 4.55 0.02 0 -2 98604/1
6 4 4 13 13 163 90 -1 9.45 0.07 0 -2 3123406/1
6 4 4 13 13 133 64 -1 7.42 0.1 0 -2 1183845/1
6 4 4 13 13 46 28 -1 1.46 0 0 -2 26574/1
6 4 4 13 13 82 42 -1 3.72 0.02 0 -2 624380/1
6 4 4 13 13 104 56 -1 4.75 0.05 0 -2 691946/1
6 4 4 13 13 130 71 -1 6.06 0.04 0 -2 623448/1
6 4 4 13 13 47 27 -1 1.68 0 0 -2 7608/1
6 4 4 13 13 111 60 -1 5.89 0.08 0 -2 261492/1
6 4 4 13 13 116 64 -1 6.59 0.03 0 -2 1634242/1
6 4 4 14 14 130 77 -1 8.55 0.09 0 -2 338252/1
6 4 4 14 14 220 104 -1 14.18 0.09 0 -2 5885035/1
6 4 4 14 14 146 80 -1 10.26 0.1 0 -2 824394/1
6 4 4 14 14 142 80 -1 8.22 0.05 0 -2 656577/1
6 4 4 14 14 169 91 -1 12.16 0.1 0 -2 1472948/1
6 4 4 14 14 289 139 -1 17.72 0.14 0 -2 99420285/1
6 4 4 14 14 120 63 -1 8.03 0.06 0 -2 1172298/1
6 4 4 14 14 94 51 -1 5.03 0.04 0 -2 1579792/1
6 4 4 14 14 174 89 -1 11.11 0.08 0 -2 1773990/1
6 4 4 14 14 223 114 -1 13.46 0.2 0 -2 8032956/1
6 4 4 15 15 99 61 -1 9.3 0.02 0 -2 1340098/1
6 4 4 15 15 125 76 -1 9 0.08 0 -2 4004611/1
6 4 4 15 15 124 78 -1 9.7 0.06 0 -2 2984011/1
6 4 4 15 15 189 99 -1 18.54 0.09 0 -2 8103219/1
6 4 4 15 15 96 54 -1 7.55 0.05 0 -2 313008/1
6 4 4 15 15 240 127 -1 16.48 0.17 0 -2 35876108/1
6 4 4 15 15 305 159 -1 23.54 0.18 0 -2 8408179/1
6 4 4 15 15 181 94 -1 18 0.11 0 -2 6721035/1
6 4 4 15 15 159 89 -1 16.2 0.12 0 -2 3503633/1
6 4 4 15 15 203 108 -1 15.24 0.13 0 -2 5917270/1
6 4 4 16 16 312 169 -1 39 0.25 0 -2 144959049/1
6 4 4 16 16 378 198 -1 43.41 0.38 0 -2 66541960/1
6 4 4 16 16 434 220 -1 65.67 0.37 0 -2 327743814/1
6 4 4 16 16 394 206 -1 53.85 0.37 0 -2 82618749/1
6 4 4 16 16 300 159 -1 33.54 0.2 0 -2 48139038/1
6 4 4 16 16 356 189 -1 54.55 0.34 0 -2 113965005/1
6 4 4 16 16 371 182 -1 51.81 0.21 0 -2 184734752/1
6 4 4 16 16 460 231 -1 69.88 0.42 0 -2 266876225/1
6 4 4 16 16 211 109 -1 18.98 0.15 0 -2 56695192/1
6 4 4 16 16 168 85 -1 20.58 0.04 0 -2 824617692/1
6 4 4 17 17 416 232 -1 57.25 0.36 0 -2 33659354/1
6 4 4 17 17 497 256 -1 66.65 0.42 0 -2 413917305/1
6 4 4 17 17 528 267 -1 80.19 0.5 0 -2 631676676/1
6 4 4 17 17 280 151 -1 32.57 0.14 0 -2 521198977/1
6 4 4 17 17 504 257 -1 68.77 0.44 0 -2 108027912/1
6 4 4 17 17 433 237 -1 56.19 0.33 0 -2 197589150/1
6 4 4 17 17 448 240 -1 58.17 0.35 0 -2 119451706/1
6 4 4 17 17 386 202 -1 41.92 0.28 0 -2 445781424/1
6 4 4 17 17 526 266 -1 63.14 0.37 0 -2 545817895/1
6 4 4 17 17 472 237 -1 67.32 0.37 0 -2 1045369179/1
6 4 4 18 18 385 204 -1 66.29 0.33 0 -2 179952641/1
6 4 4 18 18 295 161 -1 44.22 0.2 0 -2 19903193/1
6 4 4 18 18 449 223 -1 69.47 0.28 0 -2 550095362/1
6 4 4 18 18 673 352 -1 132.17 0.61 0 -2 633925748/1
6 4 4 18 18 569 292 -1 72.9 0.44 0 -2 2492004570/1
6 4 4 18 18 496 245 -1 86.17 0.41 0 -2 636717839/1
6 4 4 18 18 517 281 -1 92.98 0.47 0 -2 233153268/1
6 4 4 18 18 454 243 -1 68.95 0.3 0 -2 238410224/1
6 4 4 18 18 669 355 -1 81.26 0.79 0 -2 288604501/1
6 4 4 18 18 448 260 -1 70.2 0.43 0 -2 401454574/1
6 4 4 19 19 467 243 -1 73.04 0.37 0 -2 687955958/1
6 4 4 19 19 484 261 -1 68.64 0.39 0 -2 886245184/1
6 4 4 19 19 766 404 -1 132.78 0.75 0 -2 984736172/1
6 4 4 19 19 455 243 -1 78.3 0.37 0 -2 142982429/1
6 4 4 19 19 418 219 -1 75.13 0.26 0 -2 2456742166/1
6 4 4 19 19 525 281 -1 81.79 0.51 0 -2 101783572/1
6 4 4 19 19 491 267 -1 80.84 0.38 0 -2 180272708/1
6 4 4 19 19 825 401 -1 138.1 0.79 0 -2 795204325/1
6 4 4 19 19 596 331 -1 113.98 0.55 0 -2 80585292/1
6 4 4 19 19 578 295 -1 89.4 0.46 0 -2 2160623667/1
6 4 4 20 20 778 416 -1 115.85 0.82 0 -2 997662070/1
6 4 4 20 20 760 405 -1 148.07 0.54 0 -2 407920528/1
6 4 4 20 20 709 364 -1 133.14 0.72 0 -2 869857640/1
6 4 4 20 20 524 282 -1 99.78 0.36 0 -2 928116098/1
6 4 4 20 20 583 333 -1 132.69 0.56 0 -2 46189220/1
6 4 4 20 20 788 426 -1 166.19 0.8 0 -2 906342172/1
6 4 4 20 20 534 289 -1 102.53 0.5 0 -2 39661481/1
6 4 4 20 20 677 345 -1 111.52 0.72 0 -2 547237094/1
6 4 4 20 20 1210 600 -1 224.21 1.13 0 -2 1264406139/1
6 4 4 20 20 509 280 -1 105.23 0.42 0 -2 2218194749/1
6 4 4 21 21 1122 556 -1 214.46 1.14 0 -2 29239378515/1
6 4 4 21 21 1162 597 -1 296.9 1.48 0 -2 11937245389/1
6 4 4 21 21 1061 525 -1 261.9 1.05 0 -2 14681115068/1
6 4 4 21 21 1094 567 -1 249.93 0.99 0 -2 8646427144/1
6 4 4 21 21 887 470 -1 191.83 0.98 0 -2 7504110224/1
6 4 4 21 21 953 487 -1 185.05 0.85 0 -2 63715358464/1
6 4 4 21 21 1246 617 -1 254.19 1.47 0 -2 16394606589/1
6 4 4 21 21 1086 533 -1 260.65 0.97 0 -2 58917463814/1
6 4 4 21 21 1171 575 -1 261.12 0.99 0 -2 33417674372/1
6 4 4 21 21 1057 534 -1 241.19 1.05 0 -2 2660365318/1
6 4 4 22 22 1109 563 -1 244.06 1.01 0 -2 7589703500/1
6 4 4 22 22 1271 630 -1 305 1.18 0 -2 12801138736/1
6 4 4 22 22 1491 740 -1 401.81 1.49 0 -2 8109353224/1
6 4 4 22 22 1000 522 -1 256.71 0.82 0 -2 12063255499/1
6 4 4 22 22 1086 551 -1 267.49 0.98 0 -2 15462321675/1
6 4 4 22 22 719 373 -1 149.08 0.67 0 -2 13952453598/1
6 4 4 22 22 1073 542 -1 264.88 0.99 0 -2 3642845974/1
6 4 4 22 22 960 493 -1 188.77 0.89 0 -2 47526867804/1
6 4 4 22 22 1239 611 -1 279.12 1.39 0 -2 14196990033/1
6 4 4 22 22 722 369 -1 163.31 0.5 0 -2 23071955314/1
6 4 4 23 23 1230 621 -1 303.77 1.32 0 -2 66888998915/1
6 4 4 23 23 1540 778 -1 447.47 1.58 0 -2 22363103626/1
6 4 4 23 23 1282 631 -1 333.34 1.37 0 -2 87058880143/1
6 4 4 23 23 1311 651 -1 333.98 1.23 0 -2 47833946396/1
6 4 4 23 23 1317 702 -1 353.27 1.23 0 -2 10697167891/1
6 4 4 23 23 1561 828 -1 425.3 1.82 0 -2 13933750025/1
6 4 4 23 23 1778 908 -1 497.77 1.91 0 -2 43488101413/1
6 4 4 23 23 1302 676 -1 407.26 1.36 0 -2 1413193310/1
6 4 4 23 23 1220 650 -1 327.85 1.33 0 -2 17329306152/1
6 4 4 23 23 1254 653 -1 354.55 1.35 0 -2 2970331737/1
6 4 4 24 24 1050 562 -1 307.83 1.21 0 -2 46927697967/1
6 4 4 24 24 1211 611 -1 350.55 1.11 0 -2 50537244687/1
6 4 4 24 24 1424 719 -1 440.04 1.3 0 -2 37059077745/1
6 4 4 24 24 1319 679 -1 447.69 1.21 0 -2 6858205618/1
6 4 4 24 24 1121 556 -1 304.86 1.15 0 -2 77928014003/1
6 4 4 24 24 1372 691 -1 455.71 1.24 0 -2 13349207214/1
6 4 4 24 24 1504 752 -1 449.07 1.57 0 -2 42593362149/1
6 4 4 24 24 857 442 -1 238.76 0.64 0 -2 11064813403/1
6 4 4 24 24 1514 747 -1 455.74 1.48 0 -2 32499233580/1
6 4 4 24 24 1188 595 -1 266.66 1.19 0 -2 181145707273/1
6 4 4 25 25 931 472 -1 284.23 0.83 0 -2 23777620712/1
6 4 4 25 25 1368 711 -1 444.75 1.52 0 -2 51887858577/1
6 4 4 25 25 1321 689 -1 426.5 1.44 0 -2 36090187563/1
6 4 4 25 25 2062 1029 -1 700.72 2.31 0 -2 45981858668/1
6 4 4 25 25 1430 748 -1 465.45 1.41 0 -2 17965375704/1
6 4 4 25 25 1655 830 -1 451.82 1.56 0 -2 142372883903/1
6 4 4 25 25 1553 758 -1 481.84 1.58 0 -2 36107430584/1
6 4 4 25 25 908 477 -1 262.03 0.87 0 -2 14618303221/1
6 4 4 25 25 1556 760 -1 511.44 1.55 0 -2 23710454407/1
6 4 4 25 25 1933 1017 -1 525.97 2.28 0 -2 39307486768/1
6 4 4 26 26 1344 670 -1 472.57 1.09 0 -2 66571260341/1
6 4 4 26 26 1697 851 -1 604.86 1.79 0 -2 143923396029/1
6 4 4 26 26 1420 697 -1 433.68 1.22 0 -2 267582322065/1
6 4 4 26 26 1061 547 -1 376.57 0.8 0 -2 385587342935/1
6 4 4 26 26 2402 1198 -1 841.1 2.48 0 -2 1021159289903/1
6 4 4 26 26 2902 1504 -1 1107.67 3.72 0 -2 138980797686/1
6 4 4 26 26 2177 1078 -1 763.65 2.18 0 -2 439787581643/1
6 4 4 26 26 1821 897 -1 611.76 1.91 0 -2 359384075163/1
6 4 4 26 26 1390 698 -1 406.84 1.42 0 -2 442113695191/1
6 4 4 26 26 2155 1142 -1 839.66 2.45 0 -2 119736188059/1
6 4 4 27 27 1637 830 -1 640.53 1.9 0 -2 42300085845/1
6 4 4 27 27 1901 979 -1 750.36 1.76 0 -2 22526188247/1
6 4 4 27 27 1940 955 -1 592.61 2.23 0 -2 429736940885/1
6 4 4 27 27 2064 1039 -1 794.27 2.24 0 -2 562857664260/1
6 4 4 27 27 1874 941 -1 700.68 1.99 0 -2 151930881390/1
6 4 4 27 27 2596 1342 -1 956.23 3.2 0 -2 458023400916/1
6 4 4 27 27 2603 1329 -1 1020.71 2.83 0 -2 468586848726/1
6 4 4 27 27 2016 985 -1 617.51 1.85 0 -2 478178486440/1
6 4 4 27 27 1998 1014 -1 746.16 1.99 0 -2 1232730610753/1
6 4 4 27 27 2109 1069 -1 679.95 2.33 0 -2 100961676752/1
6 4 4 28 28 3023 1592 -1 1007.03 3.88 0 -2 785185434834/1
6 4 4 28 28 1843 892 -1 686.83 1.88 0 -2 707594991663/1
6 4 4 28 28 2521 1276 -1 980.96 2.7 0 -2 654797873226/1
6 4 4 28 28 2639 1457 -1 1264 3.1 0 -2 248248813409/1
6 4 4 28 28 2218 1094 -1 856.61 2.48 0 -2 934263025276/1
6 4 4 28 28 2797 1404 -1 1102.24 3.38 0 -2 312349735869/1
6 4 4 28 28 1743 894 -1 568.1 1.88 0 -2 111224240371/1
6 4 4 28 28 2231 1135 -1 867.14 2.44 0 -2 166159597642/1
6 4 4 28 28 1921 973 -1 880.14 2.01 0 -2 362537358927/1
6 4 4 28 28 2246 1122 -1 973.96 2.37 0 -2 537771496990/1
6 4 4 29 29 2846 1462 -1 1317.01 3.54 0 -2 324402561242/1
6 4 4 29 29 2084 1086 -1 838.04 2.26 0 -2 629423189308/1
6 4 4 29 29 2245 1142 -1 972.83 2.57 0 -2 718761118226/1
6 4 4 29 29 2305 1190 -1 906.21 2.47 0 -2 417487491940/1
6 4 4 29 29 2021 1043 -1 826 1.91 0 -2 467382452687/1
6 4 4 29 29 2294 1144 -1 915.99 2.7 0 -2 200829661657/1
6 4 4 29 29 1880 916 -1 812.31 1.81 0 -2 1129820706465/1
6 4 4 29 29 2401 1188 -1 867.11 2.41 0 -2 440550863088/1
6 4 4 29 29 2765 1407 -1 1145.79 3.31 0 -2 106594334591/1
6 4 4 29 29 2510 1315 -1 1077.7 3.1 0 -2 248014856327/1
6 4 4 30 30 2573 1296 -1 996.34 3.03 0 -2 254389557172/1
6 4 4 30 30 2473 1226 -1 1056.46 2.78 0 -2 435178592170/1
6 4 4 30 30 2834 1456 -1 1190.33 3.09 0 -2 298331073372/1
6 4 4 30 30 2819 1412 -1 1188.23 3.22 0 -2 836635700530/1
6 4 4 30 30 2308 1151 -1 956.41 2.63 0 -2 523307419836/1
6 4 4 30 30 2804 1415 -1 1276.86 3.19 0 -2 434271465046/1
6 4 4 30 30 2534 1271 -1 1208.72 2.72 0 -2 327777045435/1
6 4 4 30 30 3347 1709 -1 1594.38 4.42 0 -2 511847027689/1
6 4 4 30 30 1923 970 -1 800.93 1.97 0 -2 278739765649/1
6 4 4 30 30 3081 1580 -1 1320.8 3.81 0 -2 435731358929/1
6 4 4 31 31 3654 1852 -1 2023.13 4.61 0 -2 791308901435/1
6 4 4 31 31 2448 1239 -1 1008.11 2.81 0 -2 1263043181136/1
6 4 4 31 31 3486 1750 -1 1526.18 4.13 0 -2 1415095723471/1
6 4 4 31 31 2275 1147 -1 983.23 2.39 0 -2 666663921901/1
6 4 4 31 31 2668 1340 -1 1275.53 2.76 0 -2 460098930272/1
6 4 4 31 31 3488 1762 -1 1898.46 4.17 0 -2 1315007372087/1
6 4 4 31 31 2064 1076 -1 986.86 2.33 0 -2 609920193642/1
6 4 4 31 31 2857 1475 -1 1354.87 3.1 0 -2 334335035858/1
6 4 4 31 31 2912 1498 -1 1385.69 3.34 0 -2 238574081683/1
6 4 4 31 31 3260 1636 -1 1758.11 3.75 0 -2 542322010336/1
6 4 4 32 32 4852 2462 -1 2938.02 6.22 0 -2 2909930068558/1
6 4 4 32 32 4266 2183 -1 2836.99 5.38 0 -2 1313910907216/1
6 4 4 32 32 3851 1965 -1 1899.6 4.65 0 -2 3126117118198/1
6 4 4 32 32 3510 1756 -1 1661.5 4.35 0 -2 3317859827297/1
6 4 4 32 32 2882 1439 -1 1511.76 3.66 0 -2 1677816998604/1
6 4 4 32 32 2629 1368 -1 1173.6 2.9 0 -2 999420323028/1
6 4 4 32 32 3675 1810 -1 1991.6 4.32 0 -2 2280006242145/1
6 4 4 32 32 2912 1451 -1 1773.57 3.16 0 -2 4283701408822/1
6 4 4 32 32 3125 1646 -1 1893.15 4.25 0 -2 2466630324134/1
6 4 4 32 32 3235 1619 -1 1788.87 3.69 0 -2 9396267006141/1
6 4 4 33 33 2502 1261 -1 1250.51 2.78 0 -2 1081355858830/1
6 4 4 33 33 3402 1734 -1 2048.63 4.17 0 -2 2317992047879/1
6 4 4 33 33 4694 2400 -1 2765.26 5.63 0 -2 5219147394546/1
6 4 4 33 33 2716 1363 -1 1229.87 3.32 0 -2 2040373774198/1
6 4 4 33 33 3482 1757 -1 2112.08 3.91 0 -2 3741420195953/1
6 4 4 33 33 2933 1478 -1 1459.68 3.53 0 -2 1396981844549/1
6 4 4 33 33 3566 1777 -1 1963.46 4.1 0 -2 3037848599656/1
6 4 4 33 33 2475 1244 -1 1457.42 2.54 0 -2 3306118441946/1
6 4 4 33 33 3576 1841 -1 2005.56 4.39 0 -2 785270679658/1
6 4 4 33 33 3953 1964 -1 2226.81 4.79 0 -2 6920222939591/1
6 4 4 34 34 2595 1273 -1 1618.8 2.55 0 -2 918892719284/1
6 4 4 34 34 2678 1362 -1 1446 3.15 0 -2 4860215317945/1
6 4 4 34 34 4562 2303 -1 2805.39 5.85 0 -2 5492731346787/1
6 4 4 34 34 3839 1915 -1 2319.24 4.63 0 -2 1707377646823/1
6 4 4 34 34 2893 1405 -1 1541.28 3.05 0 -2 1627926976717/1
6 4 4 34 34 3365 1717 -1 1512.53 3.96 0 -2 1921609957204/1
6 4 4 34 34 4317 2170 -1 2321.89 5.29 0 -2 2079992687309/1
6 4 4 34 34 3451 1758 -1 2329.59 3.67 0 -2 2200735881870/1
6 4 4 34 34 3896 1937 -1 2242.07 4.21 0 -2 1150582224595/1
6 4 4 34 34 3344 1668 -1 2120.34 4.1 0 -2 1446722319608/1
6 4 4 35 35 4241 2157 -1 2334.66 5.26 0 -2 1482619470617/1
6 4 4 35 35 3137 1572 -1 1798.36 3.65 0 -2 6938236475771/1
6 4 4 35 35 5101 2595 -1 2931.2 7.18 0 -2 3008009246164/1
6 4 4 35 35 3606 1818 -1 2353.29 4.46 0 -2 3318209520592/1
6 4 4 35 35 4315 2223 -1 2520.55 5.73 0 -2 2743398602072/1
6 4 4 35 35 3957 2069 -1 2300.79 4.94 0 -2 6549641878019/1
6 4 4 35 35 3563 1824 -1 2000.26 4.41 0 -2 6740930879239/1
6 4 4 35 35 4595 2287 -1 2679.92 5.85 0 -2 6108933086149/1
6 4 4 35 35 4834 2419 -1 2979.17 6.72 0 -2 3172671664518/1
6 4 4 35 35 5436 2751 -1 3214.38 6.96 0 -2 3545031199222/1
6 4 4 36 36 4105 2105 -1 2189.55 5.14 0 -2 10454461910215/1
6 4 4 36 36 4802 2484 -1 3167.88 6.25 0 -2 2872404420391/1
6 4 4 36 36 3862 1984 -1 2552.51 5.09 0 -2 5850017132911/1
6 4 4 36 36 3964 1999 -1 2535.75 4.95 0 -2 4290928182782/1
6 4 4 36 36 3895 1992 -1 2619.19 4.89 0 -2 6715971598735/1
6 4 4 36 36 4870 2496 -1 3117.92 6.26 0 -2 2051535676589/1
6 4 4 36 36 5276 2711 -1 3078.11 7.31 0 -2 2827245843745/1
6 4 4 36 36 3160 1633 -1 1562.17 3.6 0 -2 12403440126325/1
6 4 4 36 36 5151 2621 -1 3633.61 6.28 0 -2 3883225093935/1
6 4 4 36 36 4943 2497 -1 2625.35 6.42 0 -2 3480580280772/1
6 4 4 37 37 5650 2852 -1 4402.82 7.53 0 -2 3156093737450/1
6 4 4 37 37 4568 2326 -1 2780.43 5.58 0 -2 4149319829531/1
6 4 4 37 37 6754 3434 -1 4722.52 8.68 0 -2 5631481055498/1
6 4 4 37 37 4531 2378 -1 2547.82 5.72 0 -2 1211870622263/1
6 4 4 37 37 3701 1893 -1 2216.29 4.62 0 -2 2791271702202/1
6 4 4 37 37 4738 2443 -1 3170.66 6.59 0 -2 3076040637986/1
6 4 4 37 37 6906 3565 -1 5373.24 9.6 0 -2 7614004497440/1
6 4 4 37 37 4240 2121 -1 2416.16 5.58 0 -2 3138824787741/1
6 4 4 37 37 2984 1488 -1 2117.16 3.28 0 -2 2651057143962/1
6 4 4 37 37 4132 2125 -1 2942.99 5.12 0 -2 2401284617146/1
6 4 4 38 38 3309 1649 -1 2128.24 3.63 0 -2 9021400965563/1
6 4 4 38 38 3561 1823 -1 1977.45 4.96 0 -2 43063643719936/1
6 4 4 38 38 5515 2780 -1 3933.93 7.38 0 -2 14142983784770/1
6 4 4 38 38 4768 2418 -1 2677.13 5.91 0 -2 85657277649078/1
6 4 4 38 38 5299 2683 -1 3624.25 7.08 0 -2 13377827711426/1
6 4 4 38 38 3959 1969 -1 2582.56 4.69 0 -2 21023783496646/1
6 4 4 38 38 3363 1683 -1 2458.86 4.14 0 -2 19069086116122/1
6 4 4 38 38 3890 2013 -1 2715.86 5.42 0 -2 4048408433916/1
6 4 4 38 38 5321 2712 -1 3311.12 7.43 0 -2 11908760039649/1
6 4 4 38 38 5083 2515 -1 3868.86 6.64 0 -2 30735918310666/1
6 4 4 39 39 4606 2361 -1 3029.44 5.98 0 -2 11152482411170/1
6 4 4 39 39 5002 2561 -1 4058.07 6.61 0 -2 23626965978176/1
6 4 4 39 39 3706 1859 -1 2353.91 4.61 0 -2 19925836609200/1
6 4 4 39 39 3321 1683 -1 2437.45 3.94 0 -2 17326282409487/1
6 4 4 39 39 6082 3129 -1 4244.49 8.35 0 -2 17285712807983/1
6 4 4 39 39 4420 2290 -1 3572.43 6.18 0 -2 24626748992055/1
6 4 4 39 39 2885 1495 -1 2329.61 3.66 0 -2 3841544519926/1
6 4 4 39 39 4342 2211 -1 2573.11 5.72 0 -2 16205508428760/1
6 4 4 39 39 4584 2310 -1 4037.53 6.13 0 -2 25089573470802/1
6 4 4 39 39 4590 2380 -1 3709.66 6.15 0 -2 27685660151414/1
6 4 4 40 40 5998 3046 -1 4709.89 8 0 -2 23845962959457/1
6 4 4 40 40 3536 1783 -1 2628.96 4.69 0 -2 15283728061236/1
6 4 4 40 40 5169 2613 -1 3909.94 6.92 0 -2 36198365579130/1
6 4 4 40 40 6738 3430 -1 5875.41 9.78 0 -2 10845724083113/1
6 4 4 40 40 5564 2807 -1 3692.61 7.62 0 -2 34183075592188/1
6 4 4 40 40 3286 1635 -1 2778.49 3.88 0 -2 22428945044197/1
6 4 4 40 40 5997 3041 -1 5075.23 8.4 0 -2 40519761120464/1
6 4 4 40 40 4951 2551 -1 4253.08 6.94 0 -2 21394857016273/1
6 4 4 40 40 5108 2582 -1 3958.92 6.67 0 -2 12886451430791/1
6 4 4 41 41 4082 2071 -1 2959.98 5.51 0 -2 29063552572236/1
6 4 4 41 41 4693 2349 -1 3173.14 6.09 0 -2 20593958715277/1
6 4 4 41 41 5548 2883 -1 4554.12 7.83 0 -2 21654096287653/1
6 4 4 41 41 8064 4170 -1 6264.73 12.59 0 -2 27726830241695/1
6 4 4 41 41 5503 2877 -1 5129.82 8.08 0 -2 18104835098386/1
6 4 4 41 41 5576 2847 -1 4640.28 8.08 0 -2 24730829470344/1
6 4 4 41 41 7391 3740 -1 5739.19 10.34 0 -2 14577160032279/1
6 4 4 41 41 5089 2564 -1 3585.07 6.92 0 -2 44535640394094/1
6 4 4 41 41 8410 4386 -1 7420.82 13.38 0 -2 12711040578934/1
6 4 4 41 41 3600 1783 -1 2239.13 4.25 0 -2 74911976855610/1
6 4 4 42 42 7004 3617 -1 4795.38 10.87 0 -2 33450248823944/1
6 4 4 42 42 4821 2462 -1 3122.44 6.07 0 -2 28070566104797/1
6 4 4 42 42 5944 3079 -1 4762.79 8.81 0 -2 57437795281454/1
6 4 4 42 42 5637 2844 -1 5411.92 7.09 0 -2 9138400810968/1
6 4 4 42 42 5174 2555 -1 4417.54 6.09 0 -2 14408799513073/1
6 4 4 42 42 4544 2299 -1 4281.9 5.59 0 -2 19124679121355/1
6 4 4 42 42 7551 3937 -1 6262.57 10.93 0 -2 12859252812177/1
6 4 4 42 42 6027 3053 -1 4826.81 8.75 0 -2 48402742480897/1
6 4 4 42 42 5217 2628 -1 4330.69 6.73 0 -2 28508753587581/1
6 4 4 42 42 4510 2298 -1 3609.2 5.92 0 -2 35169409346112/1
6 4 4 43 43 6677 3446 -1 5266.38 9.82 0 -2 15547494568405/1
6 4 4 43 43 6878 3517 -1 6018.52 9.45 0 -2 10382786861173/1
6 4 4 43 43 5711 2929 -1 4699.24 7.85 0 -2 47148565140890/1
6 4 4 43 43 5574 2830 -1 4837.93 7.18 0 -2 32276871360911/1
6 4 4 43 43 5739 2893 -1 4735.97 7.72 0 -2 22786600936839/1
6 4 4 43 43 4934 2521 -1 4147.97 6.71 0 -2 30989521852139/1
6 4 4 43 43 10983 5705 -1 10951.7 16 0 -2 24703252557886/1
6 4 4 43 43 7643 3887 -1 6142.47 10.52 0 -2 24554780702708/1
6 4 4 43 43 5400 2743 -1 5574.08 6.76 0 -2 20513449163395/1
6 4 4 43 43 7233 3720 -1 5757.3 9.75 0 -2 22733746229540/1
6 4 4 44 44 6153 3141 -1 5635.31 8.44 0 -2 185822051195513/1
6 4 4 44 44 6718 3369 -1 6047.19 8.64 0 -2 81037297472305/1
6 4 4 44 44 7149 3606 -1 6514.36 10.22 0 -2 67318020278337/1
6 4 4 44 44 5537 2846 -1 5323.72 7.92 0 -2 93944762827697/1
6 4 4 44 44 6794 3448 -1 5731.85 9.89 0 -2 84788554029873/1
6 4 4 44 44 7636 3950 -1 7055.98 11.18 0 -2 97339464412664/1
6 4 4 44 44 6234 3154 -1 5804.23 8.97 0 -2 130717615146151/1
6 4 4 44 44 5596 2817 -1 4721.36 7.7 0 -2 73319352797902/1
6 4 4 44 44 7703 3870 -1 7081.71 11.58 0 -2 226295635985599/1
6 4 4 44 44 7524 3852 -1 7395.19 11.25 0 -2 67191104527128/1
6 4 4 45 45 7622 3898 -1 7818.5 11.25 0 -2 66355610296194/1
6 4 4 45 45 4231 2119 -1 3116.51 5.75 0 -2 169033159834508/1
6 4 4 45 45 7055 3569 -1 6966.93 9.7 0 -2 223832206503124/1
6 4 4 45 45 6516 3348 -1 5993.47 9.11 0 -2 149456838358980/1
6 4 4 45 45 4572 2279 -1 4416.68 6.36 0 -2 118512547899643/1
6 4 4 45 45 6394 3234 -1 6258.95 8.5 0 -2 14218541462205/1
