8 5 1 10 10 4 2 -1 0.08 0 0 -2 54/1
8 5 1 10 10 4 2 -1 0.1 0 0 -2 222/1
8 5 2 11 11 13 3 -1 0.56 0 0 -2 57915/1
8 5 2 11 11 6 3 -1 0.25 0 0 -2 32724/1
8 5 3 12 12 12 5 -1 1.38 0 0 -2 15649920/1
8 5 3 12 12 15 6 -1 1.69 0 0 -2 9377200/1
8 5 4 13 13 41 19 -1 17.31 0 0 -2 32993643144/1
8 5 4 13 13 40 20 -1 18.86 0 0 -2 9127856400/1
8 5 5 14 14 201 105 -1 193.78 1.73 0 -2 14181168413911284/1
8 5 5 14 14 194 102 -1 200.56 1.73 0 -2 831627426180240/1
8 5 5 15 15 902 432 -1 1458.92 11.98 0 -2 298571889692580/1
8 5 5 15 15 791 394 -1 1149.58 11.19 0 -2 51792354575097668/1
8 5 5 16 16 2645 1238 -1 4664.67 56.65 0 -2 12374636850777253424/1
8 5 5 16 16 1993 904 -1 3510.58 35.26 0 -2 58293524819815449145/1
8 5 5 17 17 3811 1674 -1 7769.17 75.56 0 -2 64460958232411106058/1
8 5 5 17 17 5812 2480 -1 15395.9 120.64 0 -2 12631508391267665462/1
8 5 5 18 18 5672 2489 -1 18199.2 116.83 0 -2 7133543232867494513/1
8 5 5 18 18 6624 2911 -1 20859.4 135.88 0 -2 505131515136646056792/1
