8 5 1 10 10 4 2 -1 0.01 0 0 -2 54/1
8 5 1 10 10 4 2 -1 0 0 0 -2 222/1
8 5 2 11 11 13 3 -1 0.05 0 0 -2 57915/1
8 5 2 11 11 6 3 -1 0.03 0 0 -2 32724/1
8 5 3 12 12 12 5 -1 0.11 0 0 -2 15649920/1
8 5 3 12 12 15 6 -1 0.11 0 0 -2 9377200/1
8 5 4 13 13 41 19 -1 0.38 0 0 -2 32993643144/1
8 5 4 13 13 40 20 -1 0.37 0.02 0 -2 9127856400/1
8 5 5 14 14 204 105 -1 2.18 0.3 0 -2 14181168413911284/1
8 5 5 14 14 193 102 -1 2.09 0.37 0 -2 831627426180240/1
8 5 5 15 15 892 432 -1 10.76 1.89 0 -2 298571889692580/1
8 5 5 15 15 792 394 -1 9.01 1.87 0 -2 51792354575097668/1
8 5 5 16 16 2702 1238 -1 38.21 7.65 0 -2 12374636850777253424/1
8 5 5 16 16 2020 904 -1 27.91 4.78 0 -2 58293524819815449145/1
8 5 5 17 17 3788 1674 -1 71.88 10.23 0 -2 64460958232411106058/1
8 5 5 17 17 5802 2480 -1 100.03 15.9 0 -2 12631508391267665462/1
8 5 5 18 18 5616 2489 -1 127.02 15.36 0 -2 7133543232867494513/1
8 5 5 18 18 6553 2911 -1 144.15 18.95 0 -2 505131515136646056792/1
8 5 5 19 19 17444 7746 -1 531.78 56.39 0 -2 83200356602046572042/1
8 5 5 19 19 11935 5406 -1 359 36.35 0 -2 726290223726683566/1
8 5 5 20 20 21533 9678 -1 840.15 70.09 0 -2 7627176326973217625455/1
8 5 5 20 20 29753 13132 -1 1211.57 98.28 0 -2 9261960144717004690014/1
8 5 5 21 21 32236 14115 -1 1292.61 102.59 0 -2 13465518708557727774658/1
8 5 5 21 21 34888 15668 -1 1720.73 115.91 0 -2 9307925519892357573952/1
8 5 5 22 22 52133 23460 -1 3200.96 180.35 0 -2 84372709114185611645976/1
8 5 5 22 22 45853 20596 -1 2763.86 161.7 0 -2 310577421658054122960062/1
8 5 5 23 23 38225 17202 -1 2464.37 128.34 0 -2 292568139345219302103434/1
8 5 5 23 23 67158 30322 -1 4675.6 235.75 0 -2 34590580587075990118259/1
8 5 5 24 24 95396 42974 -1 8413.51 353.86 0 -2 545579534001676248616535/1
8 5 5 24 24 71769 31834 -1 5816.99 256.42 0 -2 5924968945293853197847162/1
8 5 5 25 25 70718 31355 -1 5682.85 252.69 0 -2 15124534536550635064712350/1
8 5 5 25 25 123796 57179 -1 13908.5 471.17 0 -2 1300308874989647074797779/1
