6 4 10 16 5 0.02 12 
6 4 10 15 6 0.03 0 
6 4 10 10 5 0.02 1152 
6 4 10 15 6 0.03 720 
6 4 10 12 5 0.02 15 
6 4 10 16 6 0.03 5655 
6 4 10 17 6 0.02 2548 
6 4 10 10 2 0.02 0 
6 4 10 22 6 0.04 10752 
6 4 10 13 3 0.02 16 
6 4 11 24 10 0.06 2620 
6 4 11 70 18 0.15 495243 
6 4 11 55 15 0.12 7130 
6 4 11 51 15 0.11 730560 
6 4 11 89 20 0.16 280512 
6 4 11 57 18 0.12 31461696 
6 4 11 38 14 0.09 1620936 
6 4 11 61 17 0.12 3222 
6 4 11 56 18 0.11 295632 
6 4 11 33 13 0.09 18560 
6 4 12 279 53 0.57 47017857 
6 4 12 98 28 0.24 40212 
6 4 12 157 36 0.37 20333559 
6 4 12 126 30 0.28 2159080 
6 4 12 107 26 0.27 8335360 
6 4 12 93 25 0.23 9808452 
6 4 12 113 30 0.29 1117312 
6 4 12 121 31 0.32 45429984 
6 4 12 362 62 0.7 14083209 
6 4 12 224 44 0.5 567207 
6 4 13 342 60 0.91 1620834 
6 4 13 591 90 1.32 162398624 
6 4 13 304 62 0.88 120927132 
6 4 13 176 40 0.5 11724072 
6 4 13 298 57 0.73 189262514 
6 4 13 431 76 1.05 26367433 
6 4 13 437 73 1.14 169415280 
6 4 13 485 76 1.14 191392098 
6 4 13 307 55 0.78 2309663 
6 4 13 247 50 0.72 63189576 
6 4 14 771 114 2.11 170193364 
6 4 14 328 66 0.98 46711773 
6 4 14 716 115 2 223277977 
6 4 14 536 91 1.64 24708888 
6 4 14 673 105 1.97 1588845339 
6 4 14 470 83 1.4 3359676 
6 4 14 439 75 1.25 24056234 
6 4 14 750 111 2.23 68353256 
6 4 14 475 83 1.35 39145135 
6 4 14 336 62 1.05 20423514 
6 4 15 562 94 2.02 104278455 
6 4 15 652 111 2.3 6627575 
6 4 15 1148 164 3.79 177227118 
6 4 15 795 126 2.94 4305364266 
6 4 15 594 97 2.1 56143332 
6 4 15 696 110 2.61 97744551 
6 4 15 965 141 3.25 165412173 
6 4 15 862 122 2.91 1029939602 
6 4 15 509 99 1.86 138770029 
6 4 15 795 124 2.81 537939228 
6 4 16 1314 190 5.33 7346734652 
6 4 16 956 137 4 634248680 
6 4 16 1171 172 5.2 1592418628 
6 4 16 1105 154 4.71 10430200940 
6 4 16 1548 211 6.33 2112798005 
6 4 16 1396 202 5.67 728568801 
6 4 16 1874 248 7.69 12372334036 
6 4 16 1598 220 6.45 1611193892 
6 4 16 1567 239 6.79 266068807 
6 4 16 1373 198 5.2 49549178 
6 4 17 1796 236 7.98 915944925 
6 4 17 2999 379 13.99 20240128710 
6 4 17 991 149 4.28 2381753148 
6 4 17 1688 238 6.79 646800496 
6 4 17 2038 276 10.19 1525835394 
6 4 17 1798 248 8.08 5116395950 
6 4 17 1867 229 8.91 1802181486 
6 4 17 1783 239 8.22 3586377453 
6 4 17 1072 178 5.63 599488508 
6 4 17 1025 169 4.36 322474990 
6 4 18 1599 213 7.82 30017174160 
6 4 18 2005 272 10.69 83917900894 
6 4 18 2216 303 11.28 74567604512 
6 4 18 2430 323 11.99 6200716333 
6 4 18 1827 241 8.69 5452984112 
6 4 18 981 157 5.1 5842593261 
6 4 18 2252 308 12.38 46414952202 
6 4 18 2301 291 10.64 1055186922 
6 4 18 2469 306 12.69 6325081402 
6 4 18 1992 260 9.7 7978534746 
6 4 19 4463 514 27.71 64303393644 
6 4 19 3813 460 21.52 53396083935 
6 4 19 3280 407 18.35 32120868792 
6 4 19 2718 352 16.58 28795494775 
6 4 19 2921 365 17.4 12132133202 
6 4 19 2241 303 13.71 3367214912 
6 4 19 2208 305 13.52 8768376862 
6 4 19 2395 335 14.23 6309255932 
6 4 19 3230 398 18.65 14332235004 
6 4 19 4520 547 28.72 20664027990 
6 4 20 1467 199 10.19 20621995818 
6 4 20 2400 338 16.53 42240516995 
6 4 20 3708 463 23.64 76107557964 
6 4 20 3212 419 20.18 11704373003 
6 4 20 4745 566 35.44 49020938432 
6 4 20 2280 300 16.07 146219866497 
6 4 20 3846 485 28.32 19383237577 
6 4 20 2807 377 18.41 2784817685 
6 4 20 4342 535 29.74 24134316216 
6 4 20 3699 449 23.84 3477490825 
6 4 21 3734 487 25.52 76211530706 
6 4 21 3511 420 27.98 95007408072 
6 4 21 4303 538 31.48 99338806079 
6 4 21 3191 406 24.15 32327774682 
6 4 21 5789 687 47.36 177032667302 
6 4 21 4648 579 31.66 255999267569 
6 4 21 2748 357 19.54 114841770229 
6 4 21 4006 518 27.92 377559488337 
6 4 21 8043 928 66.59 358605241306 
6 4 21 5162 601 37.35 201687089552 
6 4 22 6355 754 50.71 28460635189 
6 4 22 5432 637 43.03 123387898469 
6 4 22 3650 448 26.01 93041335633 
6 4 22 7855 931 70.93 80392606400 
6 4 22 4190 525 34.22 462328565633 
6 4 22 4149 504 34.51 80469508816 
6 4 22 5910 709 46.83 232988456191 
6 4 22 4305 529 35.86 169313773389 
6 4 22 3943 491 31.43 133712582721 
6 4 22 3412 439 29.07 48550588345 
6 4 23 6734 798 66.9 324291019449 
6 4 23 4656 590 42.69 58585690555 
6 4 23 5712 701 53.45 648078260891 
6 4 23 6046 725 58.95 57653562124 
6 4 23 4694 556 41.63 59929318868 
6 4 23 6156 747 51.13 168278968090 
6 4 23 6490 764 62.31 143976905571 
6 4 23 8222 890 66.59 641035836359 
6 4 23 8930 1040 73.2 301781455521 
6 4 23 7911 913 74.15 2877540246235 
6 4 24 6504 762 58.52 201521909744 
6 4 24 3746 448 34.54 630575335895 
6 4 24 6775 790 63.43 64948761188 
6 4 24 9387 1072 103.4 1181761773184 
6 4 24 6827 815 74.85 363333223613 
6 4 24 9622 1078 90.14 1161661262218 
6 4 24 6495 756 63.05 289501994283 
