4 3 10 30 11 0.02 55431 
4 3 10 26 11 0.02 11616 
4 3 10 36 13 0.02 151016 
4 3 10 40 13 0.02 61222 
4 3 10 33 12 0.02 109796 
4 3 10 36 12 0.02 30226 
4 3 10 29 11 0.02 18439 
4 3 10 45 14 0.02 62748 
4 3 10 38 13 0.02 103681 
4 3 10 42 13 0.02 183721 
4 3 20 90 28 0.14 54383107 
4 3 20 67 23 0.1 16645318 
4 3 20 86 28 0.13 19345419 
4 3 20 111 34 0.14 73619409 
4 3 20 72 23 0.11 22439742 
4 3 20 94 29 0.13 27332167 
4 3 20 94 32 0.13 33000230 
4 3 20 87 28 0.13 22508056 
4 3 20 83 25 0.13 112150372 
4 3 20 120 38 0.18 31265613 
4 3 30 108 34 0.2 772271273 
4 3 30 96 31 0.2 481568011 
4 3 30 141 41 0.28 509564944 
4 3 30 124 38 0.26 864161295 
4 3 30 90 29 0.2 1643870836 
4 3 30 115 37 0.25 843779637 
4 3 30 99 29 0.21 1628768869 
4 3 30 90 28 0.2 758641770 
4 3 30 115 35 0.27 1234252083 
4 3 30 126 35 0.27 874562530 
4 3 40 195 53 0.61 8647886071 
4 3 40 153 44 0.41 6517344583 
4 3 40 140 43 0.43 8337578422 
4 3 40 145 44 0.45 14644458656 
4 3 40 142 41 0.41 10183372144 
4 3 40 112 34 0.32 11423512968 
4 3 40 170 48 0.48 8008859484 
4 3 40 140 41 0.36 9596334387 
4 3 40 183 53 0.5 4758451917 
4 3 40 155 47 0.44 5808977580 
4 3 50 161 46 0.56 73459998268 
4 3 50 275 73 1.08 45902969690 
4 3 50 188 53 0.65 44607397118 
4 3 50 232 66 0.87 56309280456 
4 3 50 196 53 0.66 50543674540 
4 3 50 156 45 0.49 27071635436 
4 3 50 171 50 0.55 48791297138 
4 3 50 268 73 0.91 53662447944 
4 3 50 166 49 0.64 80966343995 
4 3 50 163 48 0.5 57393642375 
4 3 60 216 59 0.88 222593667315 
4 3 60 147 43 0.58 161942415563 
4 3 60 275 74 1.01 255890817412 
4 3 60 191 55 0.85 275407760194 
4 3 60 169 48 0.77 214116870611 
4 3 60 251 69 1.22 435586788511 
4 3 60 178 52 0.67 175031471027 
4 3 60 282 75 1.08 199858722323 
4 3 60 130 40 0.57 263815044271 
4 3 60 198 57 0.78 193229381702 
4 3 70 203 55 1.02 1257368426616 
4 3 70 205 57 0.94 703702876244 
4 3 70 233 63 1.13 1379288511353 
4 3 70 242 68 1.02 537646845548 
4 3 70 229 64 1.22 632539495008 
4 3 70 274 72 1.27 766380822432 
4 3 70 147 43 0.69 854880062731 
4 3 70 191 53 0.89 756654486796 
4 3 70 189 57 0.88 392384616080 
4 3 70 295 81 1.34 380748902465 
4 3 80 212 63 1.13 1728725972274 
4 3 80 272 76 1.57 2766067781786 
4 3 80 295 81 1.59 1313125595387 
4 3 80 234 65 1.31 2508666840984 
4 3 80 202 59 1.06 1493822895364 
4 3 80 266 72 1.42 2229338576009 
4 3 80 311 85 1.82 1333460418037 
4 3 80 232 70 1.23 1224126503501 
4 3 80 143 45 0.79 3085701039738 
4 3 80 229 66 1.28 2015311904557 
4 3 90 170 49 0.98 5546873194572 
4 3 90 315 83 1.81 7882142271868 
4 3 90 309 85 1.94 4313523323267 
4 3 90 265 72 1.58 4752649584636 
4 3 90 290 78 1.7 2697827712286 
4 3 90 400 109 2.66 4406631268943 
4 3 90 299 80 1.83 4349374402540 
4 3 90 212 60 1.27 4951755126348 
4 3 90 258 71 1.48 3402047530052 
4 3 90 346 87 2.16 4734139336182 
4 3 100 231 64 1.5 10072106612725 
4 3 100 304 82 2.19 10562347292582 
4 3 100 319 84 2.22 8055371019084 
4 3 100 218 63 1.64 10725978768741 
4 3 100 355 97 2.65 12409663463905 
4 3 100 356 94 2.7 15372018971055 
4 3 100 281 80 1.84 11395720269085 
4 3 100 231 67 1.56 12845932358748 
4 3 100 358 91 2.21 7841198137799 
4 3 100 253 73 1.54 8163097093570 
4 3 110 224 63 1.57 30890784645029 
4 3 110 300 82 2.5 19373191784532 
4 3 110 196 60 1.37 22035635313496 
4 3 110 246 71 1.96 24455986843228 
4 3 110 312 85 2.45 20049278123914 
4 3 110 306 81 2.26 16715467261260 
4 3 110 272 77 2.09 18751928259149 
4 3 110 311 84 2.11 16662040954027 
4 3 110 394 104 2.84 15773716040883 
4 3 110 284 76 1.96 33582663411915 
4 3 120 306 80 2.33 51619421194801 
4 3 120 252 71 1.92 26491076697705 
4 3 120 283 77 2.32 37306896870440 
4 3 120 305 81 2.54 50737802017224 
4 3 120 289 79 2.47 44045753509340 
4 3 120 275 77 2.14 48409390703891 
4 3 120 263 72 2.2 35518082694599 
4 3 120 228 63 1.72 28972089231882 
4 3 120 326 88 2.78 31481614735597 
4 3 120 323 88 2.86 37609219066055 
4 3 130 331 89 2.92 70705297274917 
4 3 130 203 60 1.9 84076860363482 
4 3 130 313 82 2.86 73766135260494 
4 3 130 363 98 3.04 83239624613665 
4 3 130 305 85 2.62 78132405652978 
4 3 130 308 80 2.66 98667004825559 
4 3 130 246 71 2.14 63157563359591 
4 3 130 234 67 1.89 36866941472440 
4 3 130 279 76 2.4 54647083709631 
4 3 130 244 71 2.17 77208918953466 
4 3 140 414 111 4.34 157490442547573 
4 3 140 484 123 4.3 101332026715450 
4 3 140 275 79 2.74 112991523652864 
4 3 140 386 107 3.3 120364902506391 
4 3 140 365 97 3.18 105878327474784 
4 3 140 260 75 2.33 74992062972344 
4 3 140 245 71 2.3 122712116028531 
4 3 140 345 93 3.43 149446234349138 
4 3 140 387 100 3.35 122144663592682 
4 3 140 306 82 2.89 87293292640551 
4 3 150 215 62 2.17 214070998278851 
4 3 150 249 66 2.29 256721794707066 
4 3 150 339 90 3.12 166134499474260 
4 3 150 375 99 3.56 137630276959044 
4 3 150 359 94 3.29 159173885922111 
4 3 150 333 90 3.33 133992499764244 
4 3 150 368 98 4.23 316255252968254 
4 3 150 328 90 3.25 228927276336867 
4 3 150 271 77 2.75 229929246493287 
4 3 150 398 102 3.63 285175181742840 
4 3 160 222 64 2.29 483349008080336 
4 3 160 425 114 4.16 287846208913085 
4 3 160 175 55 1.91 275200825409053 
4 3 160 302 84 3.06 384825390114218 
4 3 160 423 113 4.41 275442519332431 
4 3 160 422 109 4.43 292395099476851 
4 3 160 252 71 2.8 393412863055702 
4 3 160 295 78 3.14 383395076939043 
4 3 160 413 112 4.62 448329132941383 
4 3 160 223 63 2.19 298040657695942 
4 3 170 359 95 4.06 506310264380576 
4 3 170 313 87 3.39 665345022659546 
4 3 170 270 80 2.89 333573560503953 
4 3 170 295 79 3.22 616923649638084 
4 3 170 401 108 4.71 575491265855132 
4 3 170 338 93 3.68 449255382549901 
4 3 170 271 70 2.96 649808281584199 
4 3 170 305 82 3.15 487561632053956 
4 3 170 318 79 3.63 458771656552949 
4 3 170 343 92 3.62 356849641943428 
4 3 180 603 157 6.67 748313917555121 
4 3 180 468 122 5.12 772316011348625 
4 3 180 327 90 3.74 740594945222827 
4 3 180 454 122 5.77 1133426647850208 
4 3 180 249 70 2.82 512001137896526 
4 3 180 444 117 5.56 667322562111217 
4 3 180 492 136 5.47 652677208564003 
4 3 180 267 76 3.52 569617791279402 
4 3 180 315 86 3.63 781374027148438 
4 3 180 386 102 4.78 880234843369033 
4 3 190 332 90 3.74 1370592987465694 
4 3 190 345 95 4.27 895874423170644 
4 3 190 452 117 5.36 1323043652869156 
4 3 190 379 100 4.52 923057688622021 
4 3 190 390 100 4.77 1000936059969624 
4 3 190 462 120 5.62 745065743577390 
4 3 190 421 113 4.97 981290564040503 
4 3 190 336 90 4.03 1117039236090235 
4 3 190 418 112 5.01 1014143499615715 
4 3 190 399 109 4.97 1106368020425806 
4 3 200 373 98 5.51 1712198564943983 
4 3 200 471 121 6.89 2438609257669678 
4 3 200 391 103 4.81 1636133567479020 
4 3 200 253 69 3.2 1945907866931661 
4 3 200 326 90 4.4 1293496997198571 
4 3 200 311 88 3.9 961746970730747 
4 3 200 479 123 5.9 1336191147272038 
4 3 200 380 101 4.95 2179844935927724 
4 3 200 252 70 3.3 2245516816394867 
4 3 200 375 101 4.54 1326402902347521 
4 3 210 362 99 4.73 1910337219166742 
4 3 210 316 85 4.02 2256035137530489 
4 3 210 296 84 3.9 3298754047023437 
4 3 210 455 118 6.49 2640510782588873 
4 3 210 332 90 4.96 2182357970910630 
4 3 210 304 82 4.22 1904556003095646 
4 3 210 380 105 4.96 3426579292533889 
4 3 210 368 102 4.99 2501650388084222 
4 3 210 413 110 5.77 2229658889924277 
4 3 210 427 113 5.56 2358291528247277 
4 3 220 296 84 4 3559294481123998 
4 3 220 371 102 5.36 2791315042999459 
4 3 220 351 95 4.87 4003307091297896 
4 3 220 456 119 6.63 3106276321848668 
4 3 220 338 98 4.79 3430075532033829 
4 3 220 481 124 6.4 2264922664974679 
4 3 220 369 98 5.11 2577174973757933 
4 3 220 429 114 5.71 2294469785567591 
4 3 220 428 114 5.74 2477055088662178 
4 3 220 466 119 6.63 3742731026529930 
4 3 230 378 101 5.74 4977214654865345 
4 3 230 512 135 7.32 4074128815515776 
4 3 230 306 88 4.71 5774007248027576 
4 3 230 342 92 5.08 5788412582028311 
4 3 230 401 106 6.26 5323530819583452 
4 3 230 393 103 5.76 3006458505816166 
4 3 230 505 130 6.96 3243900653568906 
4 3 230 360 94 5.63 5316665231175892 
4 3 230 506 133 7.38 4056261324349777 
4 3 230 328 91 4.64 2608247710828147 
4 3 240 455 119 6.96 5085746454199060 
4 3 240 298 80 4.76 9532319642176804 
4 3 240 386 104 5.7 6542209447374061 
4 3 240 427 112 6.35 5973269803555855 
4 3 240 400 104 6.16 6300871461653676 
4 3 240 514 130 7.74 6597042880797198 
4 3 240 417 109 6.95 5513268637485953 
4 3 240 308 82 4.83 3142897623354417 
4 3 240 441 117 6.67 7401664580566455 
4 3 240 487 124 7.05 5300350840719863 
4 3 250 269 75 4.55 9293424806446628 
4 3 250 369 99 6.39 10156853358880094 
4 3 250 462 120 7.06 5513381578173368 
4 3 250 400 109 6.14 7249373929835468 
4 3 250 484 127 7.48 7724862752995900 
4 3 250 482 125 7.89 12143311491360065 
4 3 250 334 88 5.4 8307974468832841 
4 3 250 283 78 4.79 12013163116220360 
4 3 250 420 114 6.6 8087611025672962 
4 3 250 350 98 5.31 5868988975438836 
4 3 260 455 121 8.42 16665767053155745 
4 3 260 369 97 6.15 12106809922388845 
4 3 260 533 135 9.1 11934680397312317 
4 3 260 428 110 6.87 9353588465064141 
4 3 260 438 117 7.63 10529721502211095 
4 3 260 280 80 4.81 7607022625396356 
4 3 260 366 102 5.94 10691723157936645 
4 3 260 348 91 6.43 14404729911543529 
4 3 260 472 118 9.02 11358659771869049 
4 3 260 413 114 6.54 10698458107405191 
4 3 270 301 83 5.75 14868646055023237 
4 3 270 447 112 7.68 11339990362528376 
4 3 270 524 132 10.04 19993044415686038 
4 3 270 585 156 9.96 10733527998631253 
4 3 270 458 126 7.74 11238089043909473 
4 3 270 425 110 7.28 14074448441084293 
4 3 270 346 94 5.82 12772645459695843 
4 3 270 476 125 7.74 9900895062273769 
4 3 270 361 93 6.48 15504326636291227 
4 3 270 364 98 6.02 11980546709291666 
4 3 280 388 103 7.52 32454671357921581 
4 3 280 552 138 9.3 21567736771507817 
4 3 280 431 113 7.5 21305447598471465 
4 3 280 482 132 8.66 17184908280139686 
4 3 280 345 96 6.24 22427653702885328 
4 3 280 439 114 7.58 16171204095212512 
4 3 280 469 122 10.11 21380584145309999 
4 3 280 408 107 7.1 18027208150495832 
4 3 280 531 135 9.72 20526464082235779 
4 3 280 333 93 6.15 21342174511833320 
4 3 290 384 106 7.91 27321843420229592 
4 3 290 366 96 6.64 15818041113191537 
4 3 290 489 127 8.81 22992680034465588 
4 3 290 405 106 7.46 19711061712543347 
4 3 290 487 128 8.92 19807321857158486 
4 3 290 394 104 7.23 28111867150302727 
4 3 290 453 123 8.84 19732643779810131 
4 3 290 305 85 5.76 33252798987151065 
4 3 290 341 91 6.08 19373863275240054 
4 3 290 379 105 7 17692985152435808 
4 3 300 687 171 12.97 33710720188625083 
4 3 300 518 131 9.96 29685636634441007 
4 3 300 450 118 8.66 43028795588997515 
4 3 300 390 99 7.74 26207112462591572 
4 3 300 630 159 12.2 35266535048291222 
4 3 300 340 94 7.04 42830474913879012 
4 3 300 381 107 7.35 32412433478127094 
4 3 300 403 108 7.51 29761215942673389 
4 3 300 393 105 7.84 32276759616027606 
4 3 300 345 95 6.67 21443501671255700 
4 3 310 507 132 9.94 36842352127205123 
4 3 310 636 162 12.46 30511022140950929 
4 3 310 380 100 7.78 38844983834540166 
4 3 310 631 164 12.23 31352179982419246 
4 3 310 398 105 7.83 25597109651169965 
4 3 310 470 125 9.22 28834510250253207 
4 3 310 482 124 9.98 41691002209048637 
4 3 310 607 157 11.69 17999749839900926 
4 3 310 306 84 5.95 48809918592955403 
4 3 310 275 77 5.33 32602440265798429 
4 3 320 509 126 10.04 53710433111446000 
4 3 320 389 107 7.8 43845909923176068 
4 3 320 596 157 13.67 54906984707724681 
4 3 320 651 170 13.72 41263831615706016 
4 3 320 336 89 7.36 56625613847268363 
4 3 320 648 161 13.26 59170161055885527 
4 3 320 343 94 7.56 82406994236930025 
4 3 320 591 150 12.2 46361246277752622 
4 3 320 355 95 7.18 38905968518717852 
4 3 320 389 104 7.48 39962974830843055 
4 3 330 327 92 6.82 49204766200377904 
4 3 330 470 121 10.39 71376277150796776 
4 3 330 319 88 7.17 45744445420462941 
4 3 330 457 119 10.16 51992836116735372 
4 3 330 368 96 7.7 43391021819698485 
4 3 330 513 133 11.51 62115074552705239 
4 3 330 409 107 8.73 54364099881386133 
4 3 330 479 127 10.13 50027427792150209 
4 3 330 404 104 9.23 58625197061115950 
4 3 330 449 118 9.13 62086875973573961 
4 3 340 386 108 8.52 85877413982208739 
4 3 340 576 151 12.22 50995215141052864 
4 3 340 493 133 10.89 105577411223226000 
4 3 340 593 146 12.84 96021614178735729 
4 3 340 540 138 11.47 65536216266468401 
4 3 340 443 114 9.43 71505740539509384 
4 3 340 367 101 7.77 55430535255226631 
4 3 340 524 132 11.07 67324810223115291 
4 3 340 450 122 9.9 58744877495325006 
4 3 340 385 103 7.93 54125020444050702 
4 3 350 537 140 11.89 91814848088445072 
4 3 350 406 109 9.04 82382755384900252 
4 3 350 466 126 10.37 117643772017990981 
4 3 350 388 103 8.76 89669260873082356 
4 3 350 452 113 9.88 87573879205112418 
4 3 350 520 137 11.69 79815417553392566 
4 3 350 424 115 9.64 74172366495706200 
4 3 350 281 76 6.12 102742046610614208 
4 3 350 433 115 9.69 52993776384342484 
4 3 350 539 141 11.38 72810442580612616 
4 3 360 459 121 10.5 79801477978705953 
4 3 360 488 128 12.75 138732194791806335 
4 3 360 464 118 10.37 76176221617572268 
4 3 360 520 138 11.62 116070553251038230 
4 3 360 555 139 12.5 106927029156428393 
4 3 360 480 124 10.93 124888440454875503 
4 3 360 561 147 12.48 84565037207022213 
4 3 360 521 136 12.42 110886634995991589 
4 3 360 447 117 10.31 76953941537735166 
4 3 360 524 130 12.08 113946188866627370 
4 3 370 477 127 11.14 101500702732321234 
4 3 370 576 147 13.06 112694721438626216 
4 3 370 779 188 20 121126379138603182 
4 3 370 483 128 10.84 122929323176036557 
4 3 370 630 162 14.06 151819938407844190 
4 3 370 402 108 9.93 128005289378382794 
4 3 370 591 153 14.53 174763615866579411 
4 3 370 271 80 6.16 84665272380046480 
4 3 370 338 97 7.76 125495518688246336 
4 3 370 483 123 11.39 153866241915085913 
4 3 380 540 139 12.51 122535627920401678 
4 3 380 568 146 14.02 177717199211766491 
4 3 380 468 126 11.35 102875677318891876 
4 3 380 487 124 11.5 128711587311283934 
4 3 380 595 149 14.49 161227110127420130 
4 3 380 465 118 10.99 177913591138443345 
4 3 380 618 159 14.97 123083671955715018 
4 3 380 392 105 11.36 212410576303543912 
4 3 380 576 149 13.99 154430988153558037 
4 3 380 415 110 10.03 175326543538479294 
4 3 390 437 120 10.52 163518183479033658 
4 3 390 486 129 12.01 161104610717164669 
4 3 390 468 123 11.48 206521340320391684 
4 3 390 735 185 17.59 174570768160745694 
4 3 390 559 144 13.39 180517187095115720 
4 3 390 426 113 10.44 217545335955698432 
4 3 390 463 127 11.06 169860781370117744 
4 3 390 556 140 13.26 179475504384815061 
4 3 390 662 169 16.12 189989306755016822 
4 3 390 349 95 8.9 218521390978962145 
4 3 400 433 115 10.76 199075363887970473 
4 3 400 365 100 9.2 236406051401316366 
4 3 400 529 139 15.01 306337208715511456 
4 3 400 298 85 7.65 242193213964028966 
4 3 400 544 140 13.26 142511704370907546 
4 3 400 389 102 10.11 169027921910817413 
4 3 400 563 144 13.72 135570365119291865 
4 3 400 485 122 12.22 202828150089804499 
4 3 400 533 141 13.8 294141730550793524 
4 3 400 447 118 11.01 237132791586285020 
4 3 410 645 170 16.64 244580696335867119 
4 3 410 548 140 13.79 226354363094630915 
4 3 410 574 150 14.86 211366336565916808 
4 3 410 399 100 10.18 240169263251927882 
4 3 410 505 135 12.53 235117304678465065 
4 3 410 545 142 13.85 277442307690642768 
4 3 410 743 188 18.81 263805235363783337 
4 3 410 482 126 12.88 300373441632576658 
4 3 410 662 168 16.96 203480629715092319 
4 3 410 356 95 9.93 367437384636806336 
4 3 420 540 136 14.01 372152410609456613 
4 3 420 444 118 11.5 348301906885018484 
4 3 420 450 119 11.98 216290890322677219 
4 3 420 333 89 8.74 337677897520819579 
4 3 420 390 107 11.61 501379453701897119 
4 3 420 394 102 10.09 167578736682103846 
4 3 420 437 115 11.44 244517636733506359 
4 3 420 641 164 18.22 229007478808538800 
4 3 420 519 133 15.26 382609229341516028 
4 3 420 493 127 12.95 330770124044597593 
4 3 430 664 172 17.75 307561740232132796 
4 3 430 774 190 21.56 342189618101479844 
4 3 430 539 145 14.68 378397646101224267 
4 3 430 530 137 14.88 505340185087103841 
4 3 430 601 158 16.59 463602840910917474 
4 3 430 472 121 13.89 457093061895984632 
4 3 430 732 182 19.67 486004641533178987 
4 3 430 606 157 16.29 303665642364906914 
4 3 430 483 124 13.57 595004203504524640 
4 3 430 501 127 13.82 406351014445592763 
4 3 440 460 127 12.43 311915968652220364 
4 3 440 612 160 17.3 501127604808922308 
4 3 440 669 166 18.35 275171860785997806 
4 3 440 431 116 12.31 591950771632141781 
4 3 440 384 105 10.89 532410422954776433 
4 3 440 387 105 10.96 672853735717539517 
4 3 440 627 164 16.86 296400667286089287 
4 3 440 531 134 16.93 788298543836071145 
4 3 440 402 104 11.26 338898843137559538 
4 3 440 454 121 12.92 399790657680081861 
4 3 450 475 123 13.19 581126330467665360 
4 3 450 509 131 14.29 568761010921198961 
4 3 450 513 128 15.57 752043697569047457 
4 3 450 468 128 13.04 506994109732980362 
4 3 450 428 112 11.91 469554829475593156 
4 3 450 656 170 18.81 539621690035793679 
4 3 450 539 137 15.22 654337506422759202 
4 3 450 597 151 17.31 383772866980071078 
4 3 450 490 134 14.1 470188947906482906 
4 3 450 472 124 13.7 400094834465662846 
4 3 460 385 103 11.34 692728043274565067 
4 3 460 376 104 11.17 479968289027073618 
4 3 460 602 153 17.24 719709642879997865 
4 3 460 626 161 18.04 756482203683183941 
4 3 460 434 114 12.56 515027196729386800 
4 3 460 454 124 12.88 403864903181199729 
4 3 460 314 88 9.15 463053112366818866 
4 3 460 727 187 21.25 734458631488642710 
4 3 460 618 154 17.85 487406355226770415 
4 3 460 388 104 11.32 377781476861694264 
4 3 470 525 135 15.23 531932265417429974 
4 3 470 620 160 17.55 552099134914528137 
4 3 470 535 135 16.1 684574556201056697 
4 3 470 468 127 14.12 792295783924939729 
4 3 470 563 140 16.54 875026511984775575 
4 3 470 634 169 20.34 700423539986410722 
4 3 470 489 133 14.6 546812509585875032 
4 3 470 508 135 14.9 738168178868239355 
4 3 470 519 137 15.59 574204599867533761 
4 3 470 482 127 15.9 1156590465415789288 
4 3 480 626 162 19.7 796342979097051488 
4 3 480 466 124 14.06 700031189028496047 
4 3 480 631 156 18.86 874829527111542594 
4 3 480 628 165 19.35 963367293727213768 
4 3 480 659 169 20.52 991129131001605328 
4 3 480 551 143 16.35 623598122394697941 
4 3 480 589 154 18.95 772718523789937838 
4 3 480 619 151 19.89 1006912399997286055 
4 3 480 442 116 15.51 803257189834797185 
4 3 480 509 133 15.16 512673341428313228 
4 3 490 622 158 18.91 715486109214419771 
4 3 490 658 166 20.07 1236069570996707155 
4 3 490 511 133 16.29 746489341766729880 
4 3 490 414 111 14 856365461648763184 
4 3 490 649 170 19.88 1118573175729877177 
4 3 490 462 121 14.32 814871233067582876 
4 3 490 532 140 16.68 944952010386785161 
4 3 490 438 116 13.56 877509320753242199 
4 3 490 378 103 13.37 983864985569061508 
4 3 490 506 130 17.43 1604426730547664919 
