6 4 10 14 6 0.02 256 
6 4 10 11 5 0.02 12 
NOT a triangulation. Abort current computation...
6 4 10 10 5 0.02 24 
6 4 10 14 4 0.03 3 
6 4 10 10 5 0.02 18 
6 4 10 9 4 0.02 32 
6 4 10 10 5 0.02 768 
6 4 10 17 6 0.03 42 
6 4 10 11 5 0.02 24 
6 4 11 30 10 0.06 13770 
6 4 11 29 11 0.07 162176 
6 4 11 29 11 0.07 9757 
6 4 11 52 15 0.09 78988 
6 4 11 41 14 0.1 12069 
6 4 11 57 16 0.12 5508 
6 4 11 55 15 0.11 3572 
6 4 11 83 20 0.15 152988 
6 4 11 28 8 0.06 10344 
6 4 11 29 10 0.07 477 
6 4 12 142 31 0.32 156948 
6 4 12 155 32 0.37 142512 
6 4 12 147 33 0.32 939836 
6 4 12 98 27 0.26 26634 
6 4 12 198 41 0.41 141880 
6 4 12 254 52 0.52 241658 
6 4 12 231 48 0.5 490642 
6 4 12 160 39 0.36 946848 
6 4 12 234 46 0.52 363516 
6 4 12 181 37 0.38 160980 
6 4 13 314 64 0.78 1634242 
6 4 13 318 60 0.77 261492 
6 4 13 106 27 0.31 7608 
6 4 13 449 71 1.04 623448 
6 4 13 331 56 0.78 691946 
6 4 13 197 42 0.56 624380 
6 4 13 98 28 0.34 26574 
6 4 13 397 64 0.96 1183845 
6 4 13 565 90 1.38 3123406 
6 4 13 249 51 0.71 98604 
6 4 14 676 114 1.86 8032956 
6 4 14 515 89 1.71 1773990 
6 4 14 209 51 0.74 1579792 
6 4 14 357 63 1.12 1172298 
6 4 14 925 139 2.42 99420285 
6 4 14 530 91 1.63 1472948 
6 4 14 454 80 1.5 656577 
6 4 14 452 80 1.36 824394 
6 4 14 671 104 1.88 5885035 
6 4 14 481 77 1.27 338252 
6 4 15 664 108 2.37 5917270 
6 4 15 553 89 2.03 3503633 
6 4 15 570 94 2.14 6721035 
6 4 15 1034 159 3.2 8408179 
6 4 15 779 127 2.54 35876108 
6 4 15 248 54 1.05 313008 
6 4 15 591 99 2.14 8103219 
6 4 15 394 78 1.35 2984011 
6 4 15 377 76 1.29 4004611 
6 4 15 287 61 1.08 1340098 
6 4 16 471 85 2.18 824617692 
6 4 16 723 109 2.94 56695192 
6 4 16 1710 231 7.57 266876225 
6 4 16 1319 182 5.62 184734752 
6 4 16 1299 189 5.46 113965005 
6 4 16 1090 159 3.98 48139038 
6 4 16 1464 206 5.4 82618749 
6 4 16 1563 220 6.8 327743814 
6 4 16 1412 198 5.03 66541960 
6 4 16 1152 169 4.3 144959049 
6 4 17 1791 237 7.98 1045369179 
6 4 17 1902 266 8.89 545817895 
6 4 17 1439 202 6.68 445781424 
6 4 17 1755 240 8.02 119451706 
6 4 17 1873 237 8.81 197589150 
6 4 17 1960 257 8.56 108027912 
6 4 17 957 151 4.51 521198977 
6 4 17 2051 267 10 631676676 
6 4 17 1833 256 8.32 413917305 
6 4 17 1569 232 6.89 33659354 
6 4 18 1700 260 9.06 401454574 
6 4 18 2598 355 13.41 288604501 
6 4 18 1671 243 8.57 238410224 
6 4 18 1993 281 11.03 233153268 
6 4 18 1828 245 9.52 636717839 
6 4 18 2159 292 11.02 2492004570 
6 4 18 2676 352 14.51 633925748 
6 4 18 1622 223 8.11 550095362 
6 4 18 971 161 4.86 19903193 
6 4 18 1554 204 7.68 179952641 
6 4 19 2111 295 12.31 2160623667 
6 4 19 2468 331 13.63 80585292 
6 4 19 3237 401 18.48 795204325 
6 4 19 2014 267 12 180272708 
6 4 19 2067 281 11.82 101783572 
6 4 19 1522 219 9.06 2456742166 
6 4 19 1766 243 9.97 142982429 
6 4 19 2999 404 17.59 984736172 
6 4 19 1850 261 11.1 886245184 
6 4 19 1747 243 9.65 687955958 
6 4 20 2041 280 14.72 2218194749 
6 4 20 4839 600 28.05 1264406139 
6 4 20 2628 345 14.88 547237094 
6 4 20 2169 289 13.35 39661481 
6 4 20 3292 426 24.13 906342172 
6 4 20 2465 333 16.52 46189220 
6 4 20 1985 282 13.23 928116098 
6 4 20 2824 364 17.21 869857640 
6 4 20 2934 405 18.38 407920528 
6 4 20 3247 416 19.46 997662070 
6 4 21 4460 534 31.65 2660365318 
6 4 21 4695 575 38.99 33417674372 
6 4 21 4203 533 33.36 58917463814 
6 4 21 5388 617 36.85 16394606589 
6 4 21 3794 487 28.27 63715358464 
6 4 21 3739 470 27.56 7504110224 
6 4 21 4585 567 34.88 8646427144 
6 4 21 4190 525 34.45 14681115068 
6 4 21 4839 597 37.56 11937245389 
6 4 21 4386 556 29.35 29239378515 
6 4 22 2740 369 21.75 23071955314 
6 4 22 5198 611 40.05 14196990033 
6 4 22 3888 493 29.07 47526867804 
6 4 22 4323 542 34.44 3642845974 
6 4 22 2983 373 23.55 13952453598 
6 4 22 4599 551 39.1 15462321675 
6 4 22 4027 522 35.95 12063255499 
6 4 22 6084 740 48.16 8109353224 
6 4 22 5476 630 42.1 12801138736 
6 4 22 4404 563 32.25 7589703500 
6 4 23 5272 653 48.45 2970331737 
6 4 23 5096 650 50.01 17329306152 
6 4 23 5407 676 47.85 1413193310 
6 4 23 8057 908 78.18 43488101413 
6 4 23 6832 828 63.4 13933750025 
6 4 23 5879 702 49.31 10697167891 
6 4 23 5272 651 48.76 47833946396 
6 4 23 5388 631 42.39 87058880143 
6 4 23 6524 778 60.88 22363103626 
6 4 23 5231 621 48.04 66888998915 
6 4 24 5043 595 44.53 181145707273 
6 4 24 6411 747 66.18 32499233580 
6 4 24 3273 442 32.79 11064813403 
6 4 24 6369 752 64.14 42593362149 
6 4 24 5654 691 55.04 13349207214 
6 4 24 4622 556 48.36 77928014003 
6 4 24 5643 679 55.86 6858205618 
6 4 24 5853 719 60.57 37059077745 
6 4 24 5000 611 51.73 50537244687 
6 4 24 4459 562 48.04 46927697967 
6 4 25 8511 1017 80.91 39307486768 
6 4 25 6204 760 59.11 23710454407 
6 4 25 3755 477 37.25 14618303221 
6 4 25 6245 758 69.01 36107430584 
6 4 25 6802 830 80.51 142372883903 
6 4 25 6279 748 69.06 17965375704 
6 4 25 9204 1029 103.33 45981858668 
6 4 25 5667 689 64.64 36090187563 
6 4 25 5840 711 66.84 51887858577 
6 4 25 3608 472 34.46 23777620712 
6 4 26 9950 1142 119.95 119736188059 
6 4 26 5985 698 66.42 442113695191 
6 4 26 7898 897 90.65 359384075163 
6 4 26 9424 1078 110.7 439787581643 
6 4 26 13206 1504 151.76 138980797686 
6 4 26 5635 697 61.94 267582322065 
