4 3 10 44 15 0.02 97592 
4 3 10 44 14 0.02 191240 
4 3 10 41 13 0.02 258516 
4 3 10 34 11 0.02 423639 
4 3 10 34 12 0.02 651764 
4 3 10 38 13 0.02 328166 
4 3 10 39 14 0.02 560680 
4 3 10 37 12 0.02 1797008 
4 3 10 38 13 0.02 454232 
4 3 10 44 15 0.02 457980 
4 3 20 85 28 0.12 248085953 
4 3 20 103 30 0.16 665140067 
4 3 20 97 31 0.12 253173444 
4 3 20 86 28 0.14 654629520 
4 3 20 104 33 0.14 194134229 
4 3 20 83 26 0.11 234426189 
4 3 20 83 24 0.11 154779844 
4 3 20 61 19 0.09 250756182 
4 3 20 108 32 0.15 320521116 
4 3 20 89 28 0.13 217554147 
4 3 30 140 39 0.29 10266934608 
4 3 30 117 35 0.23 16506455286 
4 3 30 141 43 0.3 6008595658 
4 3 30 154 47 0.33 7014003802 
4 3 30 114 36 0.26 8757261074 
4 3 30 80 27 0.17 9121644187 
4 3 30 149 46 0.34 11296577846 
4 3 30 92 27 0.19 11648074552 
4 3 30 133 37 0.32 9364658895 
4 3 30 117 37 0.26 9786617056 
4 3 40 161 48 0.44 103681329029 
4 3 40 182 51 0.5 92565735885 
4 3 40 122 35 0.34 98660626301 
4 3 40 149 46 0.44 127657032156 
4 3 40 158 44 0.5 40693366791 
4 3 40 157 47 0.46 76658216586 
4 3 40 140 42 0.36 106966380257 
4 3 40 156 47 0.44 94310137044 
4 3 40 160 46 0.43 67472953774 
4 3 40 157 48 0.46 45809116055 
4 3 50 109 33 0.42 891948616916 
4 3 50 153 46 0.53 299125844790 
4 3 50 127 39 0.45 454032668264 
4 3 50 200 58 0.63 214421167219 
4 3 50 204 59 0.72 279038165041 
4 3 50 153 47 0.55 265084335170 
4 3 50 179 51 0.65 355495224040 
4 3 50 184 54 0.64 345923546335 
4 3 50 111 35 0.36 291114095107 
4 3 50 180 50 0.62 565465948317 
4 3 60 158 45 0.67 4666201626822 
4 3 60 154 45 0.63 3431344375883 
4 3 60 196 56 0.8 1649652981203 
4 3 60 308 82 1.33 2429435740320 
4 3 60 232 66 1.05 2446307351285 
4 3 60 162 45 0.65 2223177233824 
4 3 60 200 57 0.8 2232197195621 
4 3 60 233 66 1.13 2591115218944 
4 3 60 194 54 0.82 2326925725017 
4 3 60 131 41 0.54 3048569319169 
4 3 70 193 53 0.94 7284222863828 
4 3 70 293 81 1.32 4019034917366 
4 3 70 246 70 1.15 4240473952249 
4 3 70 225 60 1.13 6919324835489 
4 3 70 184 51 0.86 6095171558161 
4 3 70 122 38 0.65 6781835640415 
4 3 70 230 61 1.22 10407608898339 
4 3 70 199 56 1.01 6693413788296 
4 3 70 152 46 0.76 7628280843817 
4 3 70 202 56 0.94 7017379555235 
4 3 80 143 43 0.72 18737819349532 
4 3 80 252 70 1.22 11968871708532 
4 3 80 190 55 0.96 22197371413919 
4 3 80 295 77 1.54 14443868251257 
4 3 80 231 66 1.29 14602860683798 
4 3 80 205 57 1.2 23113025857188 
4 3 80 143 42 0.79 17181187320573 
4 3 80 248 66 1.36 20746654795804 
4 3 80 238 66 1.17 15672524830898 
4 3 80 147 43 0.75 12787968302254 
4 3 90 266 74 1.62 60247520307594 
4 3 90 234 63 1.39 29423899001668 
4 3 90 264 75 1.67 30038979548127 
4 3 90 136 39 0.88 51298580621137 
4 3 90 247 68 1.47 34321910955980 
4 3 90 209 62 1.15 34460413164541 
4 3 90 199 55 1.23 44673347011421 
4 3 90 188 54 1.07 49435956486230 
4 3 90 188 51 1.18 85154591688848 
4 3 90 195 56 1.14 61770810859858 
4 3 100 197 54 1.24 80404041691162 
4 3 100 165 49 1.12 91930677655792 
4 3 100 249 68 1.58 101522290756954 
4 3 100 230 66 1.53 126870187324461 
4 3 100 281 76 1.97 89626977374584 
4 3 100 219 56 1.62 109132608637353 
4 3 100 237 65 1.63 82670034231867 
4 3 100 216 62 1.49 119458715211040 
4 3 100 265 70 1.68 65509607703511 
4 3 100 213 58 1.4 58975450062982 
4 3 110 185 54 1.32 142464869784809 
4 3 110 250 72 2.07 292396903636448 
4 3 110 205 59 1.42 192293450767070 
4 3 110 190 56 1.36 148254337426492 
4 3 110 148 42 1.18 222600603149255 
4 3 110 270 76 1.88 135938176777459 
4 3 110 230 64 1.62 138889755930484 
4 3 110 221 59 1.56 221206199593269 
4 3 110 234 66 1.83 151282348102134 
4 3 110 201 56 1.47 103516678992596 
4 3 120 323 86 2.33 253643900978384 
4 3 120 182 51 1.45 480709503170634 
4 3 120 260 69 2.04 368670573838256 
4 3 120 253 67 2.05 265701682410209 
4 3 120 307 82 2.44 390084366802763 
4 3 120 201 57 1.62 314638973554123 
4 3 120 302 82 2.22 333916508404896 
4 3 120 281 78 2.02 207527855999481 
4 3 120 225 62 1.83 474363258906760 
4 3 120 279 75 2.11 290606836558360 
4 3 130 253 69 2.04 458062247804403 
4 3 130 230 66 1.94 471782762130113 
4 3 130 264 74 2.08 464261957004554 
4 3 130 221 62 1.82 557793512514334 
4 3 130 223 66 1.83 580891005189645 
4 3 130 191 55 1.95 1025534974999630 
4 3 130 215 62 1.7 704788872702637 
4 3 130 191 55 1.59 556354338764146 
4 3 130 256 72 2.09 495080314057338 
4 3 130 224 63 1.94 670264001022251 
4 3 140 214 58 2.16 1376155724115952 
4 3 140 232 62 2.04 1461922904861921 
4 3 140 353 94 3.1 1083313536362844 
4 3 140 330 90 3.33 1292421958269842 
4 3 140 331 85 3.55 2406180522873538 
4 3 140 317 86 2.79 1062767884202248 
4 3 140 355 100 3.12 898128103106738 
4 3 140 256 72 2.32 1062237546037382 
4 3 140 267 73 2.46 903261743556010 
4 3 140 246 67 2.43 1008476060646567 
4 3 150 265 70 2.7 2880978052268300 
4 3 150 303 80 3.18 2658695617871077 
4 3 150 242 67 2.32 2359230633919116 
4 3 150 326 88 3.27 1669648081891949 
4 3 150 196 57 1.81 1459111031116937 
4 3 150 488 119 4.48 1098133147283978 
4 3 150 273 75 2.83 2033078719964019 
4 3 150 204 61 1.95 1541401202057329 
4 3 150 232 64 2.21 1736218584760638 
4 3 150 225 66 2.19 1382834540653767 
4 3 160 322 86 3.32 2856603652940429 
4 3 160 217 67 2.58 3594491951802691 
4 3 160 416 108 4.25 2417119187230258 
4 3 160 317 83 3.34 2899118808965094 
4 3 160 312 86 3.29 2868615464342307 
4 3 160 238 65 2.36 2706338326613777 
4 3 160 236 66 2.33 2282276368287141 
4 3 160 385 99 3.82 2064405116174006 
4 3 160 312 82 3.22 3112612508456115 
4 3 160 290 78 3.43 4341402348623403 
4 3 170 483 122 5.36 2680768203286408 
4 3 170 258 70 2.68 3018308076251648 
4 3 170 276 80 3.04 3270422402178982 
4 3 170 265 73 2.8 3289448574898709 
4 3 170 357 90 3.87 6565128178648303 
4 3 170 338 87 3.86 4999468344066635 
4 3 170 259 72 2.78 4129915619618876 
4 3 170 390 105 4.68 5578400013594499 
4 3 170 369 96 4.51 5894942447311955 
4 3 170 229 65 2.48 4598392073036007 
4 3 180 257 72 2.96 3796243670151535 
4 3 180 204 60 2.32 5550408167924386 
4 3 180 221 65 2.66 7207405071489446 
4 3 180 264 71 3.11 6470118497682066 
4 3 180 303 86 3.38 6718044002635192 
4 3 180 148 46 1.68 6539901005402747 
4 3 180 335 91 3.77 8262807488041231 
4 3 180 399 101 4.58 6869828734308732 
4 3 180 215 64 2.41 4389874336576120 
4 3 180 355 95 4.14 9167305449728618 
4 3 190 328 86 3.88 9704600287256768 
4 3 190 258 72 3.09 14912049331079529 
4 3 190 195 58 2.37 10960259753952082 
4 3 190 268 74 3.51 7147057415201369 
4 3 190 229 64 2.86 11004297838559665 
4 3 190 432 115 5.04 5746668825513634 
4 3 190 339 92 4.05 9676183223072897 
4 3 190 345 90 4.39 8419288122752345 
4 3 190 310 88 3.77 12642283905371626 
4 3 190 208 60 2.79 11265222933494086 
4 3 200 262 72 3.17 12840311778537030 
4 3 200 294 79 3.62 13357940321681440 
4 3 200 316 86 3.94 16615913885877778 
4 3 200 255 72 3.2 12772508693718833 
4 3 200 279 73 3.42 13258157877652232 
4 3 200 337 89 4.14 15111211980889204 
4 3 200 261 74 3.33 13647901659024011 
4 3 200 251 67 3.17 14018131716819835 
4 3 200 199 58 2.61 13655356884981624 
4 3 200 273 73 3.62 11913517545185605 
4 3 210 272 72 3.52 28364453139006700 
4 3 210 410 104 5.49 31787993341080334 
4 3 210 265 73 3.52 22196815978321878 
4 3 210 257 72 3.42 18186733190616215 
4 3 210 296 80 3.74 27960686028878675 
4 3 210 223 64 3.04 21229924265603821 
4 3 210 242 68 3.24 24482031487813776 
4 3 210 371 99 5.07 27363291124364444 
4 3 210 400 103 5.56 18920484283989862 
4 3 210 297 83 3.86 14728496239134624 
4 3 220 430 117 6.03 20090792426247190 
4 3 220 328 87 4.6 44745154316363801 
4 3 220 259 71 3.62 35775196294793956 
4 3 220 232 65 3.83 35285167528239681 
4 3 220 261 74 3.55 21354745657007844 
4 3 220 210 58 2.9 31998726318111097 
4 3 220 363 97 4.98 22751913531361125 
4 3 220 367 96 5.1 24724902788129867 
4 3 220 204 59 3.24 31318551657209878 
4 3 220 467 122 6.42 27835468565316648 
4 3 230 381 100 5.47 42380352530645030 
4 3 230 230 67 3.34 47056131860549440 
4 3 230 234 72 3.46 39025626081642285 
4 3 230 412 107 6.1 38038677529084079 
4 3 230 305 81 4.49 49782356051716570 
4 3 230 373 101 5.23 35489187194789779 
4 3 230 557 144 8.19 36960232033853061 
4 3 230 277 77 4.58 29780001020422383 
4 3 230 291 83 4.08 39881403120610504 
4 3 230 275 75 4.35 29023772396625910 
4 3 240 207 59 3.28 40059907144877540 
4 3 240 392 106 6.01 70790729097425636 
4 3 240 198 57 3.06 51120285791209899 
4 3 240 306 83 4.73 38213251823902794 
4 3 240 322 86 4.89 61218543259569300 
4 3 240 404 105 5.86 79927858796500613 
4 3 240 182 53 3.28 27310358524386522 
4 3 240 277 77 4.26 80526868053995948 
4 3 240 273 79 4.18 64897931433918464 
4 3 240 429 109 6.37 40649378769020991 
4 3 250 353 91 5.47 57420251733726051 
4 3 250 293 79 4.86 58912887224946706 
4 3 250 319 87 5.22 72676777543507760 
4 3 250 407 108 6.26 65838968982944143 
4 3 250 229 65 3.63 61288454964683678 
4 3 250 224 63 3.61 76280281804817417 
4 3 250 326 87 5.08 67768757781962986 
4 3 250 347 91 5.49 80599034032724394 
4 3 250 211 61 3.41 46537170426939034 
4 3 250 359 100 5.39 66459462464304898 
4 3 260 282 76 4.54 101485354877769534 
4 3 260 441 109 8.03 141207882339582165 
4 3 260 340 92 5.6 86980274845672568 
4 3 260 323 89 5.09 71267145557724203 
4 3 260 414 111 6.46 126437765497995923 
4 3 260 459 121 7.62 99165611510924153 
4 3 260 255 71 4.22 81365454688117773 
4 3 260 302 82 4.76 67134393971912630 
4 3 260 370 101 5.99 92245296291604065 
4 3 260 327 94 5.42 105843870907798349 
4 3 270 305 85 5.59 147510398739554099 
4 3 270 402 110 6.66 73033182707080940 
4 3 270 297 83 5.15 159712333086307262 
4 3 270 311 86 5.2 176039865064176929 
4 3 270 268 75 4.46 144638161527083735 
4 3 270 340 91 5.8 140081981941428649 
4 3 270 306 86 5.66 72439176423239779 
4 3 270 411 105 8.06 159558184005468309 
4 3 270 345 94 5.89 93953711144422401 
4 3 270 297 80 4.9 100375846828925561 
4 3 280 275 76 4.76 105719773473881074 
4 3 280 430 111 7.7 92064222432104826 
4 3 280 296 85 5.25 195330510818892970 
4 3 280 378 100 6.76 105156029987235896 
4 3 280 309 83 5.71 172704318545069597 
4 3 280 485 125 8.89 192135575874517032 
4 3 280 252 73 4.48 170678681208459347 
4 3 280 520 133 8.89 241865938955449951 
4 3 280 457 119 9.14 191473686163309884 
4 3 280 339 92 6.07 164755804443946839 
4 3 290 412 113 7.32 154898831563860963 
4 3 290 319 87 6.12 225762714555288587 
4 3 290 245 65 4.4 229453918186436012 
4 3 290 308 83 5.44 193010408126965001 
4 3 290 334 89 5.94 193770579955474940 
4 3 290 546 141 9.66 223877839205945939 
4 3 290 264 74 4.76 130741510324727319 
4 3 290 265 72 4.8 194005876408812822 
4 3 290 443 116 9.04 317679949084032503 
4 3 290 573 145 10.16 210320166249586937 
4 3 300 417 110 7.62 181826475634358392 
4 3 300 230 66 4.46 316624336173228964 
4 3 300 426 113 8.35 311721830781221344 
4 3 300 297 76 6.03 228596985154359514 
4 3 300 372 96 7.7 267156804200154484 
4 3 300 355 91 6.57 295476451845240876 
4 3 300 404 110 7.38 207043110069153943 
4 3 300 222 62 4.38 263049674320140173 
4 3 300 266 75 5.03 289463721954421131 
4 3 300 423 110 7.61 166112563535197170 
4 3 310 274 73 5.36 266473104950328357 
4 3 310 319 84 6.31 355094405923471075 
4 3 310 419 119 8.15 334677943271298543 
4 3 310 235 65 4.65 210145628617710191 
4 3 310 245 68 4.89 251187511273698343 
4 3 310 408 106 8.05 348359940930894997 
4 3 310 390 107 7.65 260765319634776533 
4 3 310 467 120 9.21 360993262116109948 
4 3 310 351 90 7.22 464120227179859312 
4 3 310 386 103 7.54 295660878798649696 
4 3 320 309 85 6.37 445963277483018162 
4 3 320 490 127 9.73 501938648511634011 
4 3 320 370 99 7.58 510576367010150569 
4 3 320 286 78 5.75 345204161682618937 
4 3 320 288 80 5.82 463704871302637368 
4 3 320 438 111 8.83 343420740915954344 
4 3 320 487 125 9.38 457087001007709163 
4 3 320 376 99 7.67 699404633134238552 
4 3 320 458 118 9.39 380944935379369566 
4 3 320 385 105 8.51 403160117908848706 
4 3 330 286 79 6.1 478537143979787569 
4 3 330 332 88 6.93 562189015097299810 
4 3 330 344 89 7.61 652085340538761893 
4 3 330 402 106 8.36 604684406720556394 
4 3 330 243 69 5.02 383936758675983202 
4 3 330 356 95 7.6 529647320356946293 
4 3 330 385 103 7.85 419470059342437834 
4 3 330 308 85 6.65 687584113839186329 
4 3 330 406 104 8 393910624563637959 
4 3 330 241 64 5.19 510663134070668697 
4 3 340 425 114 9.26 729052050912769235 
4 3 340 587 149 13.84 711747116751452973 
4 3 340 469 114 10.22 663983679597820216 
4 3 340 317 88 6.88 644920319352937352 
4 3 340 366 98 8 686617218966594158 
4 3 340 382 103 8.17 833971240785982669 
4 3 340 451 117 9.78 735059909351164750 
4 3 340 374 96 8.12 627068547780055759 
4 3 340 343 92 7.5 539687769955785548 
4 3 340 409 106 8.86 601454769324601707 
4 3 350 356 97 7.83 998593443474896939 
4 3 350 287 77 6.46 804271232773459932 
4 3 350 262 73 5.85 730184177913203410 
4 3 350 402 109 9.17 877636322685010266 
4 3 350 316 85 7.1 562797578005470407 
4 3 350 520 134 11.43 476543413201395668 
4 3 350 245 72 5.31 596637159544572350 
4 3 350 320 87 7.13 828340752694996157 
4 3 350 291 79 6.76 1014736262398419069 
4 3 350 363 95 7.8 631316150288121273 
4 3 360 406 106 9.41 1264816105693955940 
4 3 360 337 87 8.45 1076875154112152755 
4 3 360 386 108 9.56 936724232250839440 
4 3 360 291 77 6.44 698885705867446151 
4 3 360 357 95 7.98 863700515443591579 
4 3 360 420 111 9.8 885912276519007296 
4 3 360 359 94 8.26 953375273184189261 
4 3 360 329 88 7.82 875773158836830483 
4 3 360 377 98 8.88 1242416255971460079 
4 3 360 358 95 8.31 1040095896048138890 
4 3 370 415 111 9.85 1366698724940114494 
4 3 370 489 128 11.14 1404069031588213336 
4 3 370 411 107 9.73 960767833891738459 
4 3 370 365 101 9.31 1264279288641078928 
4 3 370 416 111 9.71 1045587691821315839 
4 3 370 444 120 10.9 1519197756718492059 
4 3 370 430 115 9.98 1368748415984734150 
4 3 370 285 80 6.61 925175687763126724 
4 3 370 514 126 12.32 2184174483125336003 
4 3 370 325 87 7.68 1049626220963985120 
4 3 380 420 110 10.33 1390464127242063463 
4 3 380 379 103 8.98 1535356587968616453 
4 3 380 254 71 6.21 887026981409960006 
4 3 380 388 104 9.18 936051127560003008 
4 3 380 287 75 6.97 857026363921330980 
4 3 380 253 71 6.75 1530467415270355140 
4 3 380 519 138 13.55 1563380453316734951 
4 3 380 270 78 6.86 1755782340141217403 
4 3 380 359 96 8.45 1389638107336143377 
4 3 380 362 97 8.55 1204977443199785652 
4 3 390 294 80 7.29 1435368376001564021 
4 3 390 280 79 7.07 1621685423999335254 
4 3 390 376 100 9.69 1825032095124390384 
4 3 390 327 88 8.26 1663296098161177754 
4 3 390 382 101 9.62 1464907318589384983 
4 3 390 350 95 8.48 1088955487958562766 
4 3 390 368 96 9.16 2252890722034435073 
4 3 390 344 94 9.78 2652009348538473512 
4 3 390 418 107 10.39 1591595225658663934 
4 3 390 386 104 9.06 751605671674883946 
4 3 400 354 95 8.76 1780524733447302820 
4 3 400 327 87 8.54 2045330215529142535 
4 3 400 252 72 7.12 2089756963016639031 
4 3 400 290 78 7.53 1881493044165537990 
4 3 400 491 124 11.72 1723631917794452145 
4 3 400 378 101 9.6 1602265318233299824 
4 3 400 351 93 8.62 2229384883161576946 
4 3 400 288 79 7.71 1884322530100080790 
4 3 400 534 141 13.34 1677485211352705259 
4 3 400 313 82 8.04 1821927462043850146 
4 3 410 283 80 7.68 2562302161193460668 
4 3 410 343 93 9.12 1521698623933361459 
4 3 410 354 95 9.36 1944209514533056946 
4 3 410 295 78 7.77 2430975595878882575 
4 3 410 439 112 11.21 1961857595076727771 
4 3 410 387 103 10.26 1920703713723759338 
4 3 410 427 115 10.74 1912538408114670245 
4 3 410 266 76 6.88 1816608247988837563 
4 3 410 393 109 10.11 2369694239935876787 
4 3 410 288 81 7.66 2009880008109745511 
4 3 420 446 120 11.7 3060042206358899271 
4 3 420 407 113 10.4 3376102537693232331 
4 3 420 378 104 9.92 2887008469677983998 
4 3 420 380 101 10.11 2379499979306408154 
4 3 420 328 89 8.94 3801972422934254552 
4 3 420 254 69 7.02 4097881513277333233 
4 3 420 393 105 10.27 2780651880368552390 
4 3 420 333 93 9.03 2840901711741926648 
4 3 420 331 90 8.84 3479751946175810486 
4 3 420 530 137 13.47 2630541434372365671 
4 3 430 452 119 12.2 2552347957230882718 
4 3 430 465 122 12.6 2138772083587563697 
4 3 430 462 118 12.41 3667492515329023843 
4 3 430 464 122 12.91 4304323727288788568 
4 3 430 309 88 8.69 3584513691949019373 
4 3 430 374 99 9.85 5437566688489351093 
4 3 430 401 100 11.1 3238437144136084958 
4 3 430 461 120 12.37 3145219216294368354 
4 3 430 455 119 12.14 2900665690169059211 
4 3 430 440 116 11.64 3886424342925423609 
4 3 440 408 112 11.73 3192997476402205577 
4 3 440 367 95 10 3613546921245732506 
4 3 440 271 79 7.78 4319547438575791776 
4 3 440 604 157 16.97 3387441853186696008 
4 3 440 355 97 10.19 4510093480837276516 
4 3 440 266 74 8.27 4150279391589140970 
4 3 440 313 84 9.31 2438174285964033708 
4 3 440 475 123 12.86 4246165526001292579 
4 3 440 529 138 15.17 3468388549252653402 
4 3 440 289 77 7.76 2346072747326831693 
4 3 450 357 98 10.06 6216918683543577066 
4 3 450 461 119 13.48 5701719403672906007 
4 3 450 546 141 15.54 5192725314917812000 
4 3 450 531 140 14.76 3484373182620548809 
4 3 450 401 106 11.33 6386464546939231378 
4 3 450 266 75 7.95 5734612675712444960 
4 3 450 410 110 11.05 2177177175540845696 
4 3 450 558 145 16.11 3569186524531534900 
4 3 450 393 108 10.75 4967665130940563910 
4 3 450 456 120 12.89 3465657949697858809 
4 3 460 554 136 15.8 4913686690985604286 
4 3 460 628 161 18.62 4759258126775335456 
4 3 460 524 132 15.05 7522479387725310247 
4 3 460 214 59 6.51 7554064306150027848 
4 3 460 384 105 11.5 3734532529047381286 
4 3 460 305 81 8.95 5758898601755026047 
4 3 460 434 114 12.84 5789689999101329306 
4 3 460 298 80 9.75 5887522733269590187 
4 3 460 287 77 8.8 7166462781578432395 
4 3 460 501 129 16.55 5589169270237335064 
4 3 470 454 119 13.39 5320575675601943173 
4 3 470 336 92 10.34 6630868013891742992 
4 3 470 246 71 7.79 7326594807328428750 
4 3 470 299 82 9.87 5752524474859448845 
4 3 470 304 86 8.97 5796436359996748179 
4 3 470 334 94 11.12 4755200262894724891 
4 3 470 480 126 13.88 7034696582729260112 
4 3 470 533 135 15.1 5137439432855447420 
4 3 470 317 85 9.6 5433751180937230250 
4 3 470 379 103 11.34 6994687607409780453 
4 3 480 395 105 12.38 7812624162868650287 
4 3 480 302 80 9.44 9278371637558046695 
4 3 480 337 91 10.52 9935713146246295015 
4 3 480 499 129 14.35 4296358283061267657 
4 3 480 319 88 10.09 5839141217736064211 
4 3 480 415 107 12.94 7396271235629857703 
4 3 480 610 151 17.66 3760444960488060258 
4 3 480 379 97 11.64 8235056577894315427 
4 3 480 346 92 11.1 10146797238427938285 
4 3 480 466 126 14.91 9650708967134523920 
4 3 490 302 79 9.94 8857279192638858120 
4 3 490 397 106 13.34 7704318336108927063 
4 3 490 405 109 13.07 6164920359891822061 
4 3 490 328 87 10.08 5924504710534455768 
4 3 490 290 82 9.05 6511240282743318929 
4 3 490 355 99 10.96 11601877555287531900 
4 3 490 283 81 9.02 6090137913296270716 
4 3 490 497 128 17.23 8213685903954499641 
4 3 490 466 125 15.28 6724498247291053136 
4 3 490 313 86 10.06 11662912774488775943 
