4 100 0.11 0.1 0.909091
4 200 0.23 0.23 1
4 300 0.38 0.33 0.868421
4 400 0.51 0.45 0.882353
4 500 0.61 0.56 0.918033
4 600 0.75 0.67 0.893333
4 700 0.98 0.89 0.908163
4 800 1.07 0.93 0.869159
4 900 1.23 1.14 0.926829
4 1000 1.35 1.21 0.896296
4 1100 1.38 1.32 0.956522
4 1200 1.66 1.5 0.903614
4 1300 1.74 1.67 0.95977
4 1400 2.05 1.91 0.931707
4 1500 2.04 1.87 0.916667
4 1600 2.36 2.13 0.902542
4 1700 2.37 2.18 0.919831
4 1800 2.51 2.28 0.908367
4 1900 2.8 2.62 0.935714
4 2000 3.12 2.87 0.919872
4 2100 3.01 2.72 0.890662
4 2200 3.29 2.99 0.908815
4 2300 3.66 3.3 0.889183
4 2400 3.52 3.1 0.868187
4 2500 3.8 3.5 0.921053
4 2600 4.01 3.68 0.905423
4 2700 4.39 4.11 0.936219
4 2800 4.27 3.99 0.922243
4 2900 4.24 3.84 0.893529
4 3000 4.67 4.38 0.925897
4 3100 4.78 4.34 0.90795
4 3200 4.8 4.36 0.908333
4 3300 4.74 4.35 0.905789
4 3400 5.07 4.75 0.925039
4 3500 5 4.6 0.908164
4 3600 5.3 4.82 0.909434
4 3700 5.56 5.13 0.911005
4 3800 5.59 5.14 0.907857
4 3900 5.6 5.2 0.916916
4 4000 6 5.49 0.903478
4 4100 5.75 5.17 0.887569
4 4200 6.19 5.74 0.915806
4 4300 6.19 5.7 0.909355
4 4400 6.62 6 0.883614
4 4500 6.72 6.2 0.911248
4 4600 6.69 6.19 0.902504
4 4700 6.94 6.33 0.889483
4 4800 7.05 6.53 0.903621
4 4900 7.77 7.31 0.918383
4 5000 7.85 7.27 0.903761
4 5100 7.95 7.2 0.894523
4 5200 7.87 7.32 0.907757
4 5300 8.31 7.6 0.892365
4 5400 8.29 7.63 0.898171
4 5500 8.47 7.74 0.891661
4 5600 8.23 7.58 0.898788
4 5700 8.37 7.73 0.901335
4 5800 8.61 8.01 0.908158
4 5900 9.15 8.4 0.896031
4 6000 9.37 8.79 0.916102
4 6100 9.17 8.5 0.904918
4 6200 9.65 8.81 0.891065
4 6300 9.2 8.44 0.895401
4 6400 9.84 9.19 0.912049
4 6500 9.48 8.77 0.903158
4 6600 9.94 9.22 0.905703
4 6700 10.41 9.51 0.891793
4 6800 10.43 9.54 0.892919
4 6900 10.14 9.47 0.912087
4 7000 10.97 10.18 0.906297
4 7100 10.75 9.85 0.894578
4 7200 11.64 10.84 0.909674
4 7300 10.86 9.87 0.887169
4 7400 10.75 9.97 0.90572
4 7500 11.66 10.81 0.905514
4 7600 11.44 10.67 0.911065
4 7700 11.81 10.84 0.896314
4 7800 13.06 12.04 0.900489
4 7900 12.81 11.85 0.903617
4 8000 12.39 11.45 0.902643
4 8100 12.89 11.82 0.895569
4 8200 13.03 11.92 0.882711
4 8300 12.96 11.7 0.870693
4 8400 13.13 12.01 0.893308
4 8500 13.69 12.68 0.894198
4 8600 13.89 12.99 0.90319
4 8700 13.96 12.7 0.877791
4 8800 14.04 12.9 0.886844
4 8900 14.18 12.86 0.885634
4 9000 14.61 13.58 0.897596
4 9100 14.4 13.25 0.888226
4 9200 14.2 12.94 0.889986
4 9300 14.93 13.71 0.886444
4 9400 15.12 14.11 0.901353
4 9500 15.02 13.69 0.890239
4 9600 15.91 14.67 0.879749
4 9700 15.98 14.7 0.89875
4 9800 15.8 14.66 0.89609
4 9900 16.04 14.74 0.887237
