2 100 0.01 0.01 1
2 150 0 0 -nan
2 200 0 0 -nan
2 250 0.01 0.01 1
2 300 0.02 0.02 1
2 350 0.02 0.02 1
2 400 0.02 0.01 0.5
2 450 0.02 0 0
2 500 0.03 0.03 1
2 550 0.04 0.04 1
2 600 0.04 0.03 0.75
2 650 0.06 0.03 0.5
2 700 0.05 0.04 0.8
2 750 0.05 0.05 1
2 800 0.05 0.03 0.6
2 850 0.06 0.05 0.833333
2 900 0.06 0.06 1
2 950 0.06 0.05 0.833333
3 100 0.02 0.01 0.5
3 150 0.03 0.03 1
3 200 0.04 0.03 0.75
3 250 0.04 0.04 1
3 300 0.06 0.06 1
3 350 0.08 0.06 0.75
3 400 0.09 0.09 1
3 450 0.11 0.1 0.909091
3 500 0.14 0.14 1
3 550 0.17 0.13 0.764706
3 600 0.17 0.13 0.764706
3 650 0.23 0.21 0.913043
3 700 0.23 0.19 0.826087
3 750 0.2 0.17 0.85
3 800 0.21 0.21 1
3 850 0.23 0.22 0.956522
3 900 0.24 0.19 0.791667
3 950 0.28 0.27 0.964286
4 100 0.1 0.09 0.9
4 150 0.18 0.17 0.944444
4 200 0.23 0.23 1
4 250 0.3 0.29 0.966667
4 300 0.38 0.32 0.842105
4 350 0.42 0.36 0.857143
4 400 0.54 0.48 0.888889
4 450 0.59 0.54 0.915254
4 500 0.59 0.57 0.966102
4 550 0.63 0.56 0.888889
4 600 0.76 0.68 0.894737
4 650 0.81 0.75 0.925926
4 700 0.89 0.79 0.88764
4 750 0.94 0.86 0.914894
4 800 1 0.92 0.92
4 850 1.08 0.98 0.907407
4 900 1.24 1.15 0.927419
4 950 1.32 1.23 0.931818
5 100 0.68 0.66 0.970588
5 150 1.05 0.99 0.942857
5 200 1.62 1.56 0.962963
5 250 2.26 2.12 0.938053
5 300 2.78 2.65 0.953237
5 350 3.02 2.97 0.983444
5 400 3.73 3.57 0.957105
5 450 4.04 3.82 0.945545
5 500 3.91 3.71 0.948849
5 550 4.05 3.89 0.960494
5 600 5.23 5.01 0.957935
5 650 5.31 5.15 0.969868
5 700 6.31 6.11 0.968304
5 750 6.69 6.49 0.970105
5 800 6.91 6.6 0.955137
5 850 6.64 6.36 0.957831
5 900 8 7.64 0.955
5 950 7.39 7.04 0.952639
6 100 4.96 4.85 0.977823
6 150 8.34 8.21 0.984412
6 200 13.32 12.99 0.975225
6 250 16.97 16.63 0.979965
6 300 26.02 25.45 0.978094
6 350 29.02 28.28 0.9745
6 400 30.9 30.27 0.979612
6 450 40.01 39.25 0.981005
6 500 40.86 39.97 0.978218
6 550 42.95 41.88 0.975087
6 600 46.22 45.23 0.978581
6 650 52.75 51.56 0.977441
6 700 65.04 63.69 0.979244
6 750 58.26 56.9 0.976656
6 800 61.44 60.12 0.978516
6 850 75.27 73.45 0.97582
6 900 75.18 73.44 0.976856
6 950 79.2 77.58 0.979545
7 100 35.4 35.01 0.988983
7 150 86.23 85.43 0.990722
7 200 125.44 123.82 0.987085
7 250 169.11 167.24 0.988942
