4 3 10 33 15 0.02 97592 
4 3 10 31 14 0.02 191240 
4 3 10 27 13 0.02 258516 
4 3 10 25 11 0.02 423639 
4 3 10 24 12 0.02 651764 
4 3 10 29 13 0.01 328166 
4 3 10 29 14 0.01 560680 
4 3 10 28 12 0.02 1797008 
4 3 10 28 13 0.02 454232 
4 3 10 32 15 0.02 457980 
4 3 20 55 28 0.08 248085953 
4 3 20 61 30 0.1 665140067 
4 3 20 63 31 0.08 253173444 
4 3 20 55 28 0.09 654629520 
4 3 20 67 33 0.09 194134229 
4 3 20 53 26 0.08 234426189 
4 3 20 47 24 0.07 154779844 
4 3 20 38 19 0.06 250756182 
4 3 20 65 32 0.09 320521116 
4 3 20 55 28 0.08 217554147 
4 3 30 77 39 0.16 10266934608 
4 3 30 70 35 0.13 16506455286 
4 3 30 84 43 0.18 6008595658 
4 3 30 92 47 0.19 7014003802 
4 3 30 73 36 0.16 8757261074 
4 3 30 54 27 0.12 9121644187 
4 3 30 91 46 0.21 11296577846 
4 3 30 55 27 0.12 11648074552 
4 3 30 74 37 0.18 9364658895 
4 3 30 74 37 0.16 9786617056 
4 3 40 95 48 0.24 103681329029 
4 3 40 100 51 0.28 92565735885 
4 3 40 71 35 0.2 98660626301 
4 3 40 92 46 0.27 127657032156 
4 3 40 87 44 0.27 40693366791 
4 3 40 93 47 0.27 76658216586 
4 3 40 85 42 0.23 106966380257 
4 3 40 93 47 0.26 94310137044 
4 3 40 92 46 0.24 67472953774 
4 3 40 96 48 0.26 45809116055 
4 3 50 67 33 0.25 891948616916 
4 3 50 90 46 0.31 299125844790 
4 3 50 79 39 0.27 454032668264 
4 3 50 115 58 0.36 214421167219 
4 3 50 118 59 0.4 279038165041 
4 3 50 94 47 0.33 265084335170 
4 3 50 103 51 0.35 355495224040 
4 3 50 106 54 0.37 345923546335 
4 3 50 71 35 0.22 291114095107 
4 3 50 99 50 0.35 565465948317 
4 3 60 88 45 0.36 4666201626822 
4 3 60 91 45 0.38 3431344375883 
4 3 60 109 56 0.45 1649652981203 
4 3 60 162 82 0.68 2429435740320 
4 3 60 127 66 0.57 2446307351285 
4 3 60 89 45 0.35 2223177233824 
4 3 60 110 57 0.43 2232197195621 
4 3 60 132 66 0.6 2591115218944 
4 3 60 109 54 0.46 2326925725017 
4 3 60 82 41 0.33 3048569319169 
4 3 70 106 53 0.51 7284222863828 
4 3 70 161 81 0.73 4019034917366 
4 3 70 137 70 0.62 4240473952249 
4 3 70 119 60 0.58 6919324835489 
4 3 70 103 51 0.46 6095171558161 
4 3 70 76 38 0.38 6781835640415 
4 3 70 119 61 0.6 10407608898339 
4 3 70 110 56 0.54 6693413788296 
4 3 70 92 46 0.41 7628280843817 
4 3 70 110 56 0.51 7017379555235 
4 3 80 87 43 0.44 18737819349532 
4 3 80 138 70 0.64 11968871708532 
4 3 80 109 55 0.53 22197371413919 
4 3 80 151 77 0.78 14443868251257 
4 3 80 129 66 0.71 14602860683798 
4 3 80 112 57 0.63 23113025857188 
4 3 80 84 42 0.44 17181187320573 
4 3 80 131 66 0.72 20746654795804 
4 3 80 128 66 0.62 15672524830898 
4 3 80 85 43 0.42 12787968302254 
4 3 90 147 74 0.84 60247520307594 
4 3 90 123 63 0.72 29423899001668 
4 3 90 148 75 0.9 30038979548127 
4 3 90 79 39 0.5 51298580621137 
4 3 90 132 68 0.78 34321910955980 
4 3 90 120 62 0.65 34460413164541 
4 3 90 111 55 0.66 44673347011421 
4 3 90 105 54 0.58 49435956486230 
4 3 90 102 51 0.63 85154591688848 
4 3 90 113 56 0.64 61770810859858 
4 3 100 106 54 0.66 80404041691162 
4 3 100 96 49 0.63 91930677655792 
4 3 100 134 68 0.84 101522290756954 
4 3 100 131 66 0.84 126870187324461 
4 3 100 146 76 0.98 89626977374584 
4 3 100 107 56 0.77 109132608637353 
4 3 100 130 65 0.87 82670034231867 
4 3 100 124 62 0.82 119458715211040 
4 3 100 135 70 0.86 65509607703511 
4 3 100 115 58 0.74 58975450062982 
4 3 110 106 54 0.75 142464869784809 
4 3 110 141 72 1.1 292396903636448 
4 3 110 116 59 0.77 192293450767070 
4 3 110 110 56 0.77 148254337426492 
4 3 110 85 42 0.67 222600603149255 
4 3 110 151 76 1.03 135938176777459 
4 3 110 128 64 0.89 138889755930484 
4 3 110 118 59 0.82 221206199593269 
4 3 110 130 66 0.98 151282348102134 
4 3 110 111 56 0.81 103516678992596 
4 3 120 170 86 1.22 253643900978384 
4 3 120 101 51 0.78 480709503170634 
4 3 120 136 69 1.03 368670573838256 
4 3 120 132 67 1.02 265701682410209 
4 3 120 159 82 1.2 390084366802763 
4 3 120 109 57 0.86 314638973554123 
4 3 120 159 82 1.14 333916508404896 
4 3 120 148 78 1.04 207527855999481 
4 3 120 120 62 0.96 474363258906760 
4 3 120 147 75 1.13 290606836558360 
4 3 130 137 69 1.09 458062247804403 
4 3 130 133 66 1.1 471782762130113 
4 3 130 142 74 1.1 464261957004554 
4 3 130 121 62 1 557793512514334 
4 3 130 129 66 1.05 580891005189645 
4 3 130 109 55 1.06 1025534974999630 
4 3 130 123 62 0.94 704788872702637 
4 3 130 110 55 0.9 556354338764146 
4 3 130 139 72 1.12 495080314057338 
4 3 130 125 63 1.06 670264001022251 
4 3 140 116 58 1.09 1376155724115952 
4 3 140 124 62 1.08 1461922904861921 
4 3 140 184 94 1.58 1083313536362844 
4 3 140 172 90 1.67 1292421958269842 
4 3 140 169 85 1.73 2406180522873538 
4 3 140 167 86 1.38 1062767884202248 
4 3 140 196 100 1.65 898128103106738 
4 3 140 140 72 1.25 1062237546037382 
4 3 140 143 73 1.26 903261743556010 
4 3 140 131 67 1.24 1008476060646567 
4 3 150 135 70 1.34 2880978052268300 
4 3 150 156 80 1.56 2658695617871077 
4 3 150 133 67 1.3 2359230633919116 
4 3 150 172 88 1.66 1669648081891949 
4 3 150 112 57 1.02 1459111031116937 
4 3 150 230 119 2 1098133147283978 
4 3 150 148 75 1.46 2033078719964019 
4 3 150 118 61 1.09 1541401202057329 
4 3 150 124 64 1.16 1736218584760638 
4 3 150 130 66 1.2 1382834540653767 
4 3 160 164 86 1.64 2856603652940429 
4 3 160 133 67 1.51 3594491951802691 
4 3 160 212 108 2.11 2417119187230258 
4 3 160 163 83 1.62 2899118808965094 
4 3 160 169 86 1.74 2868615464342307 
4 3 160 128 65 1.28 2706338326613777 
4 3 160 133 66 1.29 2282276368287141 
4 3 160 195 99 1.86 2064405116174006 
4 3 160 161 82 1.64 3112612508456115 
4 3 160 151 78 1.7 4341402348623403 
4 3 170 240 122 2.62 2680768203286408 
4 3 170 139 70 1.41 3018308076251648 
4 3 170 158 80 1.66 3270422402178982 
4 3 170 144 73 1.45 3289448574898709 
4 3 170 180 90 1.88 6565128178648303 
4 3 170 171 87 1.97 4999468344066635 
4 3 170 141 72 1.52 4129915619618876 
4 3 170 204 105 2.39 5578400013594499 
4 3 170 186 96 2.23 5894942447311955 
4 3 170 129 65 1.42 4598392073036007 
4 3 180 142 72 1.82 3796243670151535 
4 3 180 121 60 1.39 5550408167924386 
4 3 180 127 65 1.5 7207405071489446 
4 3 180 134 71 1.53 6470118497682066 
4 3 180 167 86 1.82 6718044002635192 
4 3 180 93 46 1.04 6539901005402747 
4 3 180 178 91 1.96 8262807488041231 
4 3 180 197 101 2.21 6869828734308732 
4 3 180 128 64 1.37 4389874336576120 
4 3 180 188 95 2.18 9167305449728618 
4 3 190 169 86 1.95 9704600287256768 
4 3 190 142 72 1.63 14912049331079529 
4 3 190 116 58 1.35 10960259753952082 
4 3 190 147 74 1.83 7147057415201369 
4 3 190 129 64 1.6 11004297838559665 
4 3 190 225 115 2.49 5746668825513634 
4 3 190 181 92 2.05 9676183223072897 
4 3 190 175 90 2.14 8419288122752345 
4 3 190 173 88 2 12642283905371626 
4 3 190 119 60 1.56 11265222933494086 
4 3 200 143 72 1.74 12840311778537030 
4 3 200 156 79 1.86 13357940321681440 
4 3 200 170 86 2.08 16615913885877778 
4 3 200 142 72 1.76 12772508693718833 
4 3 200 140 73 1.72 13258157877652232 
4 3 200 176 89 2.1 15111211980889204 
4 3 200 142 74 1.74 13647901659024011 
4 3 200 132 67 1.68 14018131716819835 
4 3 200 115 58 1.46 13655356884981624 
4 3 200 143 73 1.85 11913517545185605 
4 3 210 141 72 1.78 28364453139006700 
4 3 210 202 104 2.61 31787993341080334 
4 3 210 145 73 1.86 22196815978321878 
4 3 210 144 72 1.78 18186733190616215 
4 3 210 159 80 1.99 27960686028878675 
4 3 210 123 64 1.62 21229924265603821 
4 3 210 134 68 1.72 24482031487813776 
4 3 210 194 99 2.54 27363291124364444 
4 3 210 200 103 2.63 18920484283989862 
4 3 210 165 83 2.07 14728496239134624 
4 3 220 231 117 3.11 20090792426247190 
4 3 220 171 87 2.26 44745154316363801 
4 3 220 141 71 1.89 35775196294793956 
4 3 220 127 65 1.98 35285167528239681 
4 3 220 147 74 1.92 21354745657007844 
4 3 220 113 58 1.53 31998726318111097 
4 3 220 192 97 2.53 22751913531361125 
4 3 220 189 96 2.52 24724902788129867 
4 3 220 117 59 1.77 31318551657209878 
4 3 220 237 122 3.09 27835468565316648 
4 3 230 198 100 2.71 42380352530645030 
4 3 230 132 67 1.93 47056131860549440 
4 3 230 140 72 2.06 39025626081642285 
4 3 230 210 107 2.96 38038677529084079 
4 3 230 159 81 2.25 49782356051716570 
4 3 230 200 101 2.7 35489187194789779 
4 3 230 281 144 3.94 36960232033853061 
4 3 230 152 77 2.39 29780001020422383 
4 3 230 162 83 2.19 39881403120610504 
4 3 230 148 75 2.25 29023772396625910 
4 3 240 118 59 1.84 40059907144877540 
4 3 240 207 106 3 70790729097425636 
4 3 240 113 57 1.69 51120285791209899 
4 3 240 163 83 2.42 38213251823902794 
4 3 240 166 86 2.4 61218543259569300 
4 3 240 205 105 2.79 79927858796500613 
4 3 240 107 53 1.77 27310358524386522 
4 3 240 151 77 2.29 80526868053995948 
4 3 240 156 79 2.34 64897931433918464 
4 3 240 212 109 3.1 40649378769020991 
4 3 250 177 91 2.65 57420251733726051 
4 3 250 153 79 2.44 58912887224946706 
4 3 250 173 87 2.72 72676777543507760 
4 3 250 213 108 3.25 65838968982944143 
4 3 250 129 65 2.02 61288454964683678 
4 3 250 125 63 1.97 76280281804817417 
4 3 250 170 87 2.52 67768757781962986 
4 3 250 178 91 2.77 80599034032724394 
4 3 250 121 61 1.88 46537170426939034 
4 3 250 193 100 2.76 66459462464304898 
4 3 260 146 76 2.34 101485354877769534 
4 3 260 216 109 3.71 141207882339582165 
4 3 260 179 92 2.79 86980274845672568 
4 3 260 174 89 2.54 71267145557724203 
4 3 260 216 111 3.3 126437765497995923 
4 3 260 234 121 3.72 99165611510924153 
4 3 260 138 71 2.16 81365454688117773 
4 3 260 159 82 2.46 67134393971912630 
4 3 260 194 101 3.03 92245296291604065 
4 3 260 182 94 2.76 105843870907798349 
4 3 270 167 85 2.88 147510398739554099 
4 3 270 217 110 3.42 73033182707080940 
4 3 270 161 83 2.63 159712333086307262 
4 3 270 163 86 2.63 176039865064176929 
4 3 270 146 75 2.36 144638161527083735 
4 3 270 180 91 2.94 140081981941428649 
4 3 270 168 86 2.92 72439176423239779 
4 3 270 206 105 3.82 159558184005468309 
4 3 270 185 94 2.98 93953711144422401 
4 3 270 157 80 2.51 100375846828925561 
4 3 280 148 76 2.42 105719773473881074 
4 3 280 212 111 3.49 92064222432104826 
4 3 280 168 85 2.87 195330510818892970 
4 3 280 195 100 3.3 105156029987235896 
4 3 280 164 83 2.88 172704318545069597 
4 3 280 238 125 4.09 192135575874517032 
4 3 280 142 73 2.44 170678681208459347 
4 3 280 259 133 4.24 241865938955449951 
4 3 280 231 119 4.37 191473686163309884 
4 3 280 182 92 3.02 164755804443946839 
4 3 290 216 113 3.83 154898831563860963 
4 3 290 170 87 3.2 225762714555288587 
4 3 290 127 65 2.22 229453918186436012 
4 3 290 165 83 2.78 193010408126965001 
4 3 290 177 89 3.02 193770579955474940 
4 3 290 271 141 4.57 223877839205945939 
4 3 290 146 74 2.56 130741510324727319 
4 3 290 144 72 2.58 194005876408812822 
4 3 290 226 116 4.42 317679949084032503 
4 3 290 284 145 4.83 210320166249586937 
4 3 300 217 110 3.81 181826475634358392 
4 3 300 128 66 2.44 316624336173228964 
4 3 300 215 113 4.11 311721830781221344 
4 3 300 147 76 2.83 228596985154359514 
4 3 300 186 96 3.75 267156804200154484 
4 3 300 180 91 3.23 295476451845240876 
4 3 300 214 110 3.91 207043110069153943 
4 3 300 121 62 2.24 263049674320140173 
4 3 300 151 75 2.79 289463721954421131 
4 3 300 215 110 3.72 166112563535197170 
4 3 310 144 73 2.79 266473104950328357 
4 3 310 168 84 3.24 355094405923471075 
4 3 310 231 119 4.2 334677943271298543 
4 3 310 129 65 2.52 210145628617710191 
4 3 310 132 68 2.49 251187511273698343 
4 3 310 210 106 3.96 348359940930894997 
4 3 310 209 107 3.75 260765319634776533 
4 3 310 232 120 4.35 360993262116109948 
4 3 310 176 90 3.39 464120227179859312 
4 3 310 203 103 3.69 295660878798649696 
4 3 320 167 85 3.33 445963277483018162 
4 3 320 249 127 4.75 501938648511634011 
4 3 320 196 99 3.76 510576367010150569 
4 3 320 156 78 3.02 345204161682618937 
4 3 320 158 80 3.1 463704871302637368 
4 3 320 218 111 4.37 343420740915954344 
4 3 320 242 125 4.49 457087001007709163 
4 3 320 194 99 3.71 699404633134238552 
4 3 320 228 118 4.42 380944935379369566 
4 3 320 208 105 4.33 403160117908848706 
4 3 330 155 79 3.23 478537143979787569 
4 3 330 170 88 3.47 562189015097299810 
4 3 330 174 89 3.58 652085340538761893 
4 3 330 207 106 4.11 604684406720556394 
4 3 330 137 69 2.71 383936758675983202 
4 3 330 185 95 3.76 529647320356946293 
4 3 330 204 103 4.04 419470059342437834 
4 3 330 169 85 3.58 687584113839186329 
4 3 330 205 104 3.93 393910624563637959 
4 3 330 126 64 2.58 510663134070668697 
4 3 340 225 114 4.57 729052050912769235 
4 3 340 293 149 6.46 711747116751452973 
4 3 340 223 114 4.56 663983679597820216 
4 3 340 173 88 3.6 644920319352937352 
4 3 340 187 98 3.9 686617218966594158 
4 3 340 201 103 4 833971240785982669 
4 3 340 228 117 4.64 735059909351164750 
4 3 340 185 96 3.89 627068547780055759 
4 3 340 182 92 3.83 539687769955785548 
4 3 340 211 106 4.39 601454769324601707 
4 3 350 185 97 3.78 998593443474896939 
4 3 350 151 77 3.27 804271232773459932 
4 3 350 145 73 3.03 730184177913203410 
4 3 350 211 109 4.5 877636322685010266 
4 3 350 165 85 3.52 562797578005470407 
4 3 350 256 134 5.24 476543413201395668 
4 3 350 140 72 2.98 596637159544572350 
4 3 350 171 87 3.61 828340752694996157 
4 3 350 155 79 3.48 1014736262398419069 
4 3 350 189 95 3.95 631316150288121273 
4 3 360 210 106 4.53 1264816105693955940 
4 3 360 172 87 4.08 1076875154112152755 
4 3 360 214 108 4.68 936724232250839440 
4 3 360 154 77 3.24 698885705867446151 
4 3 360 190 95 4 863700515443591579 
4 3 360 219 111 4.71 885912276519007296 
4 3 360 185 94 4.11 953375273184189261 
4 3 360 174 88 3.95 875773158836830483 
4 3 360 190 98 4.18 1242416255971460079 
4 3 360 183 95 4.24 1040095896048138890 
4 3 370 216 111 4.76 1366698724940114494 
4 3 370 250 128 5.39 1404069031588213336 
4 3 370 202 107 4.49 960767833891738459 
4 3 370 199 101 4.73 1264279288641078928 
4 3 370 219 111 4.86 1045587691821315839 
4 3 370 232 120 5.24 1519197756718492059 
4 3 370 226 115 5.03 1368748415984734150 
4 3 370 158 80 3.47 925175687763126724 
4 3 370 242 126 5.65 2184174483125336003 
4 3 370 170 87 4.13 1049626220963985120 
4 3 380 219 110 4.94 1390464127242063463 
4 3 380 200 103 4.65 1535356587968616453 
4 3 380 141 71 3.41 887026981409960006 
4 3 380 203 104 4.79 936051127560003008 
4 3 380 144 75 3.58 857026363921330980 
4 3 380 136 71 3.51 1530467415270355140 
4 3 380 268 138 6.53 1563380453316734951 
4 3 380 157 78 3.85 1755782340141217403 
4 3 380 187 96 4.24 1389638107336143377 
4 3 380 187 97 4.33 1204977443199785652 
4 3 390 160 80 3.87 1435368376001564021 
4 3 390 156 79 3.82 1621685423999335254 
4 3 390 198 100 4.91 1825032095124390384 
4 3 390 174 88 4.34 1663296098161177754 
4 3 390 193 101 4.7 1464907318589384983 
4 3 390 184 95 4.56 1088955487958562766 
4 3 390 185 96 4.4 2252890722034435073 
4 3 390 181 94 4.94 2652009348538473512 
4 3 390 203 107 4.8 1591595225658663934 
4 3 390 202 104 4.53 751605671674883946 
4 3 400 184 95 4.47 1780524733447302820 
4 3 400 171 87 4.31 2045330215529142535 
4 3 400 142 72 3.82 2089756963016639031 
4 3 400 153 78 3.81 1881493044165537990 
4 3 400 242 124 5.63 1723631917794452145 
4 3 400 196 101 4.83 1602265318233299824 
4 3 400 182 93 4.32 2229384883161576946 
4 3 400 154 79 3.95 1884322530100080790 
4 3 400 272 141 6.5 1677485211352705259 
4 3 400 162 82 4.1 1821927462043850146 
4 3 410 159 80 4.16 2562302161193460668 
4 3 410 183 93 4.46 1521698623933361459 
4 3 410 183 95 4.62 1944209514533056946 
4 3 410 155 78 3.87 2430975595878882575 
4 3 410 216 112 5.24 1961857595076727771 
4 3 410 200 103 5.23 1920703713723759338 
4 3 410 225 115 5.56 1912538408114670245 
4 3 410 151 76 3.78 1816608247988837563 
4 3 410 207 109 5.14 2369694239935876787 
4 3 410 161 81 4.25 2009880008109745511 
4 3 420 233 120 5.83 3060042206358899271 
4 3 420 223 113 5.48 3376102537693232331 
4 3 420 200 104 5.08 2887008469677983998 
4 3 420 201 101 5.2 2379499979306408154 
4 3 420 174 89 4.46 3801972422934254552 
4 3 420 136 69 3.66 4097881513277333233 
4 3 420 205 105 5.12 2780651880368552390 
4 3 420 184 93 4.8 2840901711741926648 
4 3 420 179 90 4.67 3479751946175810486 
4 3 420 267 137 6.55 2630541434372365671 
4 3 430 223 119 5.66 2552347957230882718 
4 3 430 239 122 5.97 2138772083587563697 
4 3 430 227 118 5.69 3667492515329023843 
4 3 430 238 122 6.28 4304323727288788568 
4 3 430 173 88 4.58 3584513691949019373 
4 3 430 198 99 4.92 5437566688489351093 
4 3 430 198 100 5.26 3238437144136084958 
4 3 430 235 120 5.91 3145219216294368354 
4 3 430 233 119 6.01 2900665690169059211 
4 3 430 225 116 5.76 3886424342925423609 
4 3 440 218 112 5.88 3192997476402205577 
4 3 440 182 95 4.86 3613546921245732506 
4 3 440 155 79 4.22 4319547438575791776 
4 3 440 305 157 7.91 3387441853186696008 
4 3 440 190 97 4.95 4510093480837276516 
4 3 440 143 74 4.21 4150279391589140970 
4 3 440 164 84 4.63 2438174285964033708 
4 3 440 244 123 6.45 4246165526001292579 
4 3 440 268 138 7.23 3468388549252653402 
4 3 440 151 77 3.86 2346072747326831693 
4 3 450 191 98 5.18 6216918683543577066 
4 3 450 234 119 6.8 5701719403672906007 
4 3 450 271 141 7.38 5192725314917812000 
4 3 450 276 140 7.36 3484373182620548809 
4 3 450 205 106 5.63 6386464546939231378 
4 3 450 148 75 4.23 5734612675712444960 
4 3 450 212 110 5.41 2177177175540845696 
4 3 450 284 145 7.72 3569186524531534900 
4 3 450 210 108 5.44 4967665130940563910 
4 3 450 237 120 6.36 3465657949697858809 
4 3 460 261 136 7.23 4913686690985604286 
4 3 460 310 161 8.66 4759258126775335456 
4 3 460 254 132 7 7522479387725310247 
4 3 460 118 59 3.64 7554064306150027848 
4 3 460 206 105 5.83 3734532529047381286 
4 3 460 160 81 4.57 5758898601755026047 
4 3 460 224 114 6.34 5789689999101329306 
4 3 460 159 80 4.99 5887522733269590187 
4 3 460 150 77 4.61 7166462781578432395 
4 3 460 253 129 7.65 5589169270237335064 
4 3 470 230 119 6.49 5320575675601943173 
4 3 470 181 92 5.27 6630868013891742992 
4 3 470 142 71 4.38 7326594807328428750 
4 3 470 162 82 5 5752524474859448845 
4 3 470 171 86 4.94 5796436359996748179 
4 3 470 181 94 5.63 4755200262894724891 
4 3 470 241 126 6.84 7034696582729260112 
4 3 470 259 135 7.24 5137439432855447420 
4 3 470 167 85 4.93 5433751180937230250 
4 3 470 204 103 5.89 6994687607409780453 
4 3 480 202 105 6.07 7812624162868650287 
4 3 480 159 80 4.75 9278371637558046695 
4 3 480 176 91 5.31 9935713146246295015 
4 3 480 251 129 6.89 4296358283061267657 
4 3 480 170 88 5.27 5839141217736064211 
4 3 480 211 107 6.32 7396271235629857703 
4 3 480 296 151 8.12 3760444960488060258 
4 3 480 191 97 5.73 8235056577894315427 
4 3 480 178 92 5.55 10146797238427938285 
4 3 480 244 126 7.38 9650708967134523920 
4 3 490 157 79 4.98 8857279192638858120 
4 3 490 208 106 6.71 7704318336108927063 
4 3 490 210 109 6.59 6164920359891822061 
4 3 490 171 87 5.04 5924504710534455768 
4 3 490 160 82 4.78 6511240282743318929 
4 3 490 194 99 5.8 11601877555287531900 
4 3 490 156 81 4.76 6090137913296270716 
4 3 490 250 128 7.86 8213685903954499641 
4 3 490 242 125 7.47 6724498247291053136 
4 3 490 172 86 5.3 11662912774488775943 
running experiments for d3/dense/...
