4 3 10 33 15 0.19 0 
4 3 10 32 14 0.19 0 
4 3 10 27 13 0.14 0 
4 3 10 26 11 0.16 0 
4 3 10 25 12 0.15 0 
4 3 10 29 13 0.16 0 
4 3 10 29 14 0.16 0 
4 3 10 27 12 0.14 0 
4 3 10 28 13 0.16 0 
4 3 10 31 15 0.19 0 
4 3 20 55 28 1.06 0 
4 3 20 61 30 1.28 0 
4 3 20 63 31 1.11 0 
4 3 20 55 28 1.2 0 
4 3 20 67 33 1.28 0 
4 3 20 53 26 1 0 
4 3 20 47 24 0.84 0 
4 3 20 38 19 0.73 0 
4 3 20 65 32 1.34 0 
4 3 20 56 28 1.12 0 
4 3 30 79 39 2.48 0 
4 3 30 70 35 2.05 0 
4 3 30 85 43 2.9 0 
4 3 30 94 47 3.3 0 
4 3 30 73 36 2.43 0 
4 3 30 55 27 1.74 0 
4 3 30 91 46 3.26 0 
4 3 30 55 27 1.65 0 
4 3 30 74 37 2.66 0 
4 3 30 73 37 2.54 0 
4 3 40 94 48 4.06 0 
4 3 40 101 51 4.7 0 
4 3 40 70 35 3.01 0 
4 3 40 92 46 4.64 0 
4 3 40 86 44 4.16 0 
4 3 40 95 47 4.45 0 
4 3 40 83 42 3.4 0 
4 3 40 94 47 4.4 0 
4 3 40 90 46 3.96 0 
4 3 40 96 48 4.44 0 
4 3 50 66 33 3.82 0 
4 3 50 91 46 5.26 0 
4 3 50 78 39 4.18 0 
4 3 50 116 58 6.2 0 
4 3 50 117 59 6.76 0 
4 3 50 94 47 5.56 0 
4 3 50 101 51 5.9 0 
4 3 50 106 54 6.26 0 
4 3 50 71 35 3.74 0 
4 3 50 100 50 5.7 0 
4 3 60 90 45 6.12 0 
4 3 60 91 45 6.07 0 
4 3 60 108 56 7.16 0 
4 3 60 160 82 12.1 0 
4 3 60 129 66 9.71 0 
4 3 60 89 45 6.02 0 
4 3 60 111 57 7.27 0 
4 3 60 133 66 10.78 0 
4 3 60 108 54 7.67 0 
4 3 60 80 41 5.15 0 
4 3 70 106 53 8.73 0 
4 3 70 158 81 12.58 0 
4 3 70 134 70 10.65 0 
4 3 70 118 60 9.78 0 
4 3 70 102 51 7.86 0 
4 3 70 76 38 6.27 0 
4 3 70 121 61 10.6 0 
4 3 70 107 56 9.73 0 
4 3 70 92 46 6.78 0 
4 3 70 111 56 8.92 0 
4 3 80 87 43 7.24 0 
4 3 80 139 70 11.63 0 
4 3 80 108 55 9.02 0 
4 3 80 152 77 14.14 0 
4 3 80 130 66 12.64 0 
4 3 80 115 57 11.34 0 
4 3 80 84 42 7.17 0 
4 3 80 130 66 12.35 0 
4 3 80 129 66 11.19 0 
4 3 80 86 43 7.16 0 
4 3 90 144 74 15.39 0 
4 3 90 125 63 13.27 0 
4 3 90 147 75 16.14 0 
4 3 90 79 39 8.34 0 
4 3 90 135 68 14.2 0 
4 3 90 123 62 11.89 0 
4 3 90 111 55 11.39 0 
4 3 90 107 54 10.22 0 
4 3 90 101 51 10.7 0 
4 3 90 110 56 11.19 0 
4 3 100 104 54 11.28 0 
4 3 100 98 49 11.17 0 
4 3 100 134 68 14.8 0 
4 3 100 130 66 14.67 0 
4 3 100 147 76 18.07 0 
4 3 100 109 56 14.03 0 
4 3 100 131 65 16.02 0 
4 3 100 122 62 14.15 0 
4 3 100 140 70 16.04 0 
4 3 100 115 58 12.87 0 
4 3 110 108 54 13.27 0 
4 3 110 142 72 20.85 0 
4 3 110 115 59 13.52 0 
4 3 110 110 56 13.91 0 
4 3 110 84 42 10.89 0 
4 3 110 150 76 18.6 0 
4 3 110 127 64 15.93 0 
4 3 110 118 59 14.38 0 
4 3 110 129 66 17.05 0 
4 3 110 107 56 13.48 0 
4 3 120 169 86 21.97 0 
4 3 120 101 51 13.3 0 
4 3 120 136 69 18.48 0 
4 3 120 130 67 18.21 0 
4 3 120 160 82 22.15 0 
4 3 120 111 57 14.76 0 
4 3 120 158 82 20.92 0 
4 3 120 155 78 19.46 0 
4 3 120 122 62 16.71 0 
4 3 120 148 75 19.98 0 
4 3 130 136 69 19.07 0 
4 3 130 133 66 19.76 0 
4 3 130 146 74 20.53 0 
4 3 130 124 62 17.7 0 
4 3 130 130 66 18.76 0 
4 3 130 110 55 18.49 0 
4 3 130 124 62 17.28 0 
4 3 130 109 55 15.49 0 
4 3 130 140 72 20.89 0 
4 3 130 126 63 18.63 0 
4 3 140 114 58 18.84 0 
4 3 140 123 62 19.06 0 
4 3 140 184 94 29.53 0 
4 3 140 175 90 30.92 0 
4 3 140 166 85 30.55 0 
4 3 140 167 86 25.52 0 
4 3 140 195 100 30.95 0 
4 3 140 143 72 22.52 0 
4 3 140 147 73 23.56 0 
4 3 140 131 67 21.93 0 
4 3 150 138 70 24.16 0 
4 3 150 158 80 29.34 0 
4 3 150 134 67 21.86 0 
4 3 150 175 88 30.66 0 
4 3 150 113 57 17.5 0 
4 3 150 235 119 39.56 0 
4 3 150 147 75 26.23 0 
4 3 150 120 61 19.6 0 
4 3 150 126 64 21.06 0 
4 3 150 129 66 22.44 0 
4 3 160 170 86 30.9 0 
4 3 160 131 67 26.1 0 
4 3 160 210 108 38.54 0 
4 3 160 166 83 31.12 0 
4 3 160 170 86 31.52 0 
4 3 160 124 65 21.57 0 
4 3 160 131 66 22.65 0 
4 3 160 192 99 34.18 0 
4 3 160 161 82 30.56 0 
4 3 160 153 78 31.02 0 
4 3 170 236 122 46.99 0 
4 3 170 138 70 24.73 0 
4 3 170 159 80 30.17 0 
4 3 170 145 73 26.61 0 
4 3 170 175 90 33.05 0 
4 3 170 167 87 33.01 0 
4 3 170 141 72 27.06 0 
4 3 170 201 105 42.94 0 
4 3 170 191 96 40.48 0 
4 3 170 127 65 23.93 0 
4 3 180 142 72 28.53 0 
4 3 180 121 60 23.43 0 
4 3 180 130 65 25.88 0 
4 3 180 139 71 27.58 0 
4 3 180 171 86 34.09 0 
4 3 180 93 46 17 0 
4 3 180 176 91 34.11 0 
4 3 180 198 101 40.55 0 
4 3 180 128 64 24.24 0 
4 3 180 184 95 39.22 0 
4 3 190 170 86 38.1 0 
4 3 190 141 72 29.21 0 
4 3 190 115 58 22.94 0 
4 3 190 144 74 31.72 0 
4 3 190 127 64 27.24 0 
4 3 190 229 115 49.07 0 
4 3 190 180 92 37.95 0 
4 3 190 176 90 39.28 0 
4 3 190 171 88 36.47 0 
4 3 190 120 60 26.69 0 
4 3 200 142 72 29.9 0 
4 3 200 154 79 33.31 0 
4 3 200 171 86 37.07 0 
4 3 200 142 72 30.16 0 
4 3 200 143 73 32.13 0 
4 3 200 178 89 39 0 
4 3 200 145 74 31.65 0 
4 3 200 131 67 28.82 0 
4 3 200 115 58 25.12 0 
4 3 200 144 73 32.74 0 
4 3 210 142 72 32.24 0 
4 3 210 203 104 48.57 0 
4 3 210 144 73 32.06 0 
4 3 210 144 72 32.93 0 
4 3 210 157 80 35.1 0 
4 3 210 125 64 28.16 0 
4 3 210 134 68 31.44 0 
4 3 210 198 99 47.24 0 
4 3 210 204 103 50.73 0 
4 3 210 167 83 38.78 0 
4 3 220 228 117 60.75 0 
4 3 220 172 87 40.81 0 
4 3 220 141 71 33.59 0 
4 3 220 130 65 34.79 0 
4 3 220 146 74 33.9 0 
4 3 220 116 58 27.09 0 
4 3 220 188 97 45.73 0 
4 3 220 185 96 46.61 0 
4 3 220 116 59 29 0 
4 3 220 238 122 59.07 0 
4 3 230 196 100 49.57 0 
4 3 230 134 67 33.14 0 
4 3 230 140 72 35.26 0 
4 3 230 210 107 54.76 0 
4 3 230 158 81 39.91 0 
4 3 230 199 101 49 0 
4 3 230 276 144 73.51 0 
4 3 230 152 77 42 0 
4 3 230 162 83 40.44 0 
4 3 230 146 75 38.99 0 
4 3 240 118 59 32.65 0 
4 3 240 210 106 56.85 0 
4 3 240 113 57 28.44 0 
4 3 240 163 83 44.71 0 
4 3 240 167 86 43.7 0 
4 3 240 207 105 51.95 0 
4 3 240 104 53 29.11 0 
4 3 240 153 77 40.25 0 
4 3 240 155 79 41.62 0 
4 3 240 216 109 58.15 0 
4 3 250 180 91 52.94 0 
4 3 250 158 79 44.87 0 
4 3 250 173 87 48.71 0 
4 3 250 213 108 59.65 0 
4 3 250 126 65 33.26 0 
4 3 250 123 63 33.03 0 
4 3 250 172 87 46.18 0 
4 3 250 179 91 51.48 0 
4 3 250 122 61 33.2 0 
4 3 250 196 100 51.14 0 
4 3 260 148 76 41.07 0 
4 3 260 212 109 66.66 0 
4 3 260 180 92 51.56 0 
4 3 260 176 89 47.79 0 
4 3 260 221 111 62.02 0 
4 3 260 238 121 68.98 0 
4 3 260 141 71 39.21 0 
4 3 260 160 82 43.81 0 
4 3 260 197 101 56.78 0 
4 3 260 184 94 50.68 0 
4 3 270 171 85 54.31 0 
4 3 270 218 110 64.69 0 
4 3 270 166 83 48.92 0 
4 3 270 169 86 50.19 0 
4 3 270 147 75 41.51 0 
4 3 270 177 91 52.17 0 
4 3 270 168 86 52.09 0 
4 3 270 202 105 68.12 0 
4 3 270 186 94 54.68 0 
4 3 270 158 80 44.95 0 
4 3 280 149 76 43.18 0 
4 3 280 216 111 66.82 0 
4 3 280 165 85 53.89 0 
4 3 280 197 100 61.22 0 
4 3 280 163 83 51.61 0 
4 3 280 240 125 77.07 0 
4 3 280 142 73 43.19 0 
4 3 280 255 133 77.9 0 
4 3 280 233 119 80.46 0 
4 3 280 182 92 54.63 0 
4 3 290 219 113 68.23 0 
4 3 290 170 87 55.75 0 
4 3 290 128 65 38.73 0 
4 3 290 164 83 49.86 0 
4 3 290 174 89 52.88 0 
4 3 290 276 141 87.09 0 
4 3 290 145 74 45.48 0 
4 3 290 141 72 43.69 0 
4 3 290 223 116 78.57 0 
4 3 290 286 145 91.51 0 
4 3 300 215 110 70.29 0 
4 3 300 131 66 42.55 0 
4 3 300 222 113 76.62 0 
4 3 300 150 76 55.05 0 
4 3 300 184 96 65.56 0 
4 3 300 178 91 57.81 0 
4 3 300 217 110 69.19 0 
4 3 300 122 62 38.78 0 
4 3 300 145 75 45.93 0 
4 3 300 216 110 69.73 0 
4 3 310 144 73 47.12 0 
4 3 310 167 84 56.33 0 
4 3 310 234 119 78.78 0 
4 3 310 129 65 42.63 0 
4 3 310 135 68 44.79 0 
4 3 310 210 106 73.34 0 
4 3 310 205 107 68.66 0 
4 3 310 233 120 80.09 0 
4 3 310 176 90 59.64 0 
4 3 310 202 103 68.4 0 
4 3 320 171 85 59.15 0 
4 3 320 251 127 87.51 0 
4 3 320 192 99 66.73 0 
4 3 320 157 78 53.29 0 
4 3 320 159 80 55.77 0 
4 3 320 219 111 80.07 0 
4 3 320 242 125 83.6 0 
4 3 320 197 99 67.73 0 
4 3 320 225 118 79.12 0 
4 3 320 207 105 79.16 0 
