4 3 13 30 16 0.03 4675 
4 3 13 25 13 0.02 1533 
4 3 13 33 16 0.03 2446 
4 3 13 29 15 0.03 2953 
4 3 13 33 17 0.02 3095 
4 3 13 26 13 0.02 2402 
4 3 13 30 15 0.03 2069 
4 3 13 18 10 0.02 1855 
4 3 13 19 10 0.02 1372 
4 3 13 31 16 0.02 4453 
4 3 23 39 19 0.06 57558 
4 3 23 52 27 0.08 30153 
4 3 23 45 23 0.07 138248 
4 3 23 55 29 0.09 116256 
4 3 23 46 23 0.08 85168 
4 3 23 48 24 0.07 76916 
4 3 23 50 26 0.07 76110 
4 3 23 36 19 0.06 90611 
4 3 23 40 21 0.06 43317 
4 3 23 47 24 0.07 187728 
4 3 33 46 23 0.1 609530 
4 3 33 43 21 0.09 411254 
4 3 33 51 28 0.12 431097 
4 3 33 51 26 0.11 643048 
4 3 33 54 27 0.13 611656 
4 3 33 39 20 0.08 363964 
4 3 33 43 23 0.11 669977 
4 3 33 50 27 0.11 632755 
4 3 33 41 21 0.09 537050 
4 3 33 61 31 0.14 786995 
4 3 43 53 27 0.16 2357102 
4 3 43 53 27 0.14 1994534 
4 3 43 73 37 0.21 1315259 
4 3 43 63 31 0.17 1817336 
4 3 43 59 30 0.16 1964863 
4 3 43 77 40 0.2 1478087 
4 3 43 62 31 0.14 1462720 
4 3 43 64 32 0.16 2075001 
4 3 43 37 19 0.1 1847382 
4 3 43 62 31 0.18 2137470 
4 3 53 61 31 0.2 4880995 
4 3 53 77 39 0.26 3845887 
4 3 53 76 39 0.27 4770826 
4 3 53 57 29 0.19 4217123 
4 3 53 43 22 0.16 6705361 
4 3 53 69 34 0.22 4950740 
4 3 53 55 28 0.19 4934117 
4 3 53 64 32 0.2 5444776 
4 3 53 65 32 0.22 4802366 
4 3 53 68 35 0.22 3224762 
4 3 63 74 37 0.28 13716193 
4 3 63 76 41 0.3 15825012 
4 3 63 57 29 0.22 14433389 
4 3 63 69 35 0.26 10395035 
4 3 63 73 37 0.3 11230011 
4 3 63 75 39 0.29 6693085 
4 3 63 71 35 0.27 11276395 
4 3 63 68 36 0.27 9315756 
4 3 63 84 42 0.34 12420149 
4 3 63 75 40 0.28 9319097 
4 3 73 83 41 0.32 18366728 
4 3 73 82 42 0.36 30893531 
4 3 73 61 31 0.26 24508944 
4 3 73 72 38 0.3 18424578 
4 3 73 88 45 0.38 22560094 
4 3 73 108 54 0.5 20060872 
4 3 73 79 41 0.37 32787983 
4 3 73 76 38 0.32 19162302 
4 3 73 78 40 0.34 16068993 
4 3 73 61 31 0.28 24519201 
4 3 83 74 38 0.4 35922040 
4 3 83 67 34 0.35 45025871 
4 3 83 72 37 0.36 44904499 
4 3 83 89 46 0.43 42073717 
4 3 83 71 35 0.36 38612632 
4 3 83 85 43 0.41 28795466 
4 3 83 76 38 0.38 47148521 
4 3 83 95 49 0.5 37100954 
4 3 83 97 50 0.44 42026368 
4 3 83 81 41 0.42 46406569 
4 3 93 95 49 0.57 103059667 
4 3 93 67 34 0.37 53412882 
4 3 93 106 54 0.54 75143425 
4 3 93 62 32 0.34 38762533 
4 3 93 85 43 0.43 46159254 
4 3 93 106 54 0.59 67474730 
4 3 93 90 46 0.5 51797556 
4 3 93 99 50 0.56 70478625 
4 3 93 100 51 0.53 46357628 
4 3 93 85 43 0.52 59353876 
4 3 103 113 57 0.72 100624117 
4 3 103 99 50 0.53 97413204 
4 3 103 70 36 0.4 73710968 
4 3 103 101 51 0.58 124516584 
4 3 103 73 37 0.44 103460785 
4 3 103 98 51 0.65 90284952 
4 3 103 66 33 0.42 90639678 
4 3 103 91 45 0.53 73386293 
4 3 103 79 40 0.46 101846793 
4 3 103 86 44 0.5 113131678 
4 3 113 91 46 0.68 181220064 
4 3 113 88 44 0.66 134037356 
4 3 113 111 57 0.64 80978709 
4 3 113 64 33 0.45 140326804 
4 3 113 102 52 0.65 90332235 
4 3 113 91 47 0.61 144259283 
4 3 113 100 50 0.64 138922407 
4 3 113 93 47 0.63 184615837 
4 3 113 87 44 0.58 95498855 
4 3 113 81 41 0.54 175538762 
4 3 123 74 37 0.52 171665508 
4 3 123 138 69 0.94 156634058 
4 3 123 89 46 0.63 152343984 
4 3 123 91 45 0.65 223792522 
4 3 123 81 42 0.6 174246413 
4 3 123 94 49 0.67 267438784 
4 3 123 77 38 0.52 160801240 
4 3 123 130 65 0.9 165196951 
4 3 123 123 63 0.89 243112458 
4 3 123 92 46 0.64 106014400 
4 3 133 75 38 0.58 262118104 
4 3 133 85 42 0.65 283649982 
4 3 133 92 47 0.68 331826986 
4 3 133 104 52 0.8 229610990 
4 3 133 130 66 0.94 166152941 
4 3 133 101 50 0.75 206187362 
4 3 133 85 42 0.62 304088301 
4 3 133 94 48 0.69 293595035 
4 3 133 113 57 0.81 268637938 
4 3 133 117 59 0.94 375184028 
4 3 143 104 53 0.8 443265694 
4 3 143 130 66 1.04 382066151 
4 3 143 88 44 0.69 332870029 
4 3 143 115 58 0.97 450759529 
4 3 143 81 41 0.69 364189155 
4 3 143 107 55 0.83 280254007 
4 3 143 137 68 1.1 452779070 
4 3 143 98 51 0.76 375107836 
4 3 143 99 50 0.82 606747748 
4 3 143 130 66 1.02 390711267 
4 3 153 85 42 0.8 566607641 
4 3 153 90 45 0.82 578403068 
4 3 153 100 51 0.9 420088713 
4 3 153 80 41 0.64 482810999 
4 3 153 91 45 0.73 447473176 
4 3 153 96 48 0.83 415700687 
4 3 153 83 42 0.8 469180278 
4 3 153 71 36 0.63 580778207 
4 3 153 95 47 0.89 660815393 
4 3 153 93 48 0.78 463740649 
4 3 163 89 45 0.8 982767626 
4 3 163 70 37 0.63 539421231 
4 3 163 84 43 0.78 597730064 
4 3 163 80 41 0.77 744919218 
4 3 163 127 64 1.28 620836285 
4 3 163 111 57 0.99 457659621 
4 3 163 70 37 0.66 950343506 
4 3 163 92 47 0.85 564115667 
4 3 163 88 45 0.89 807734593 
4 3 163 130 65 1.14 440829424 
4 3 173 151 77 1.42 1014995689 
4 3 173 111 56 1.05 766681448 
4 3 173 105 54 1 774730457 
4 3 173 72 37 0.74 766902928 
4 3 173 102 53 1.06 865948843 
4 3 173 123 62 1.16 824640676 
4 3 173 87 45 0.86 1030621645 
4 3 173 105 53 1.06 732272532 
4 3 173 92 47 0.96 728657937 
4 3 173 132 66 1.39 653820219 
4 3 183 91 46 0.9 1157726128 
4 3 183 83 42 0.94 1293643410 
4 3 183 108 54 1.14 879130703 
4 3 183 115 59 1.19 922321594 
4 3 183 106 54 1.12 1096097962 
4 3 183 97 50 1.13 1717348807 
4 3 183 125 63 1.29 1391661439 
4 3 183 157 79 1.53 1035720800 
4 3 183 105 53 1.12 1515540043 
4 3 183 88 45 0.93 1307917067 
4 3 193 136 70 1.4 1146880375 
4 3 193 89 44 1 1799820322 
4 3 193 134 68 1.3 1306756356 
4 3 193 91 45 0.98 914368344 
4 3 193 91 46 0.99 1215029561 
4 3 193 120 60 1.38 1021854335 
4 3 193 118 59 1.35 2000423160 
4 3 193 79 39 0.96 1855346931 
4 3 193 117 61 1.29 1833284386 
4 3 193 152 78 1.61 1892534453 
4 3 203 79 41 0.93 2085134743 
4 3 203 87 43 1.07 1802768067 
4 3 203 131 66 1.38 1606180253 
4 3 203 106 53 1.16 2006622967 
4 3 203 92 47 1.11 1967617758 
4 3 203 93 47 0.99 1652154680 
4 3 203 89 45 1.08 1820531372 
4 3 203 100 52 1.09 2079349986 
4 3 203 114 57 1.31 1926407671 
4 3 203 104 54 1.28 2055147224 
4 3 213 105 53 1.33 3047505568 
4 3 213 92 46 1.14 2126143262 
4 3 213 114 58 1.34 2578005059 
4 3 213 69 34 0.83 2354608606 
4 3 213 133 68 1.69 2061187721 
4 3 213 111 59 1.3 2034698884 
4 3 213 126 64 1.46 1997782039 
4 3 213 94 47 1.17 2386423472 
4 3 213 113 58 1.32 2338573168 
4 3 213 103 53 1.3 2085800166 
4 3 223 95 49 1.32 3074180980 
4 3 223 120 60 1.53 2105069941 
4 3 223 130 65 1.63 1600374860 
4 3 223 90 45 1.2 3562023636 
4 3 223 91 46 1.1 2160022951 
4 3 223 88 44 1.13 3236807471 
4 3 223 91 47 1.14 2226148287 
4 3 223 104 53 1.29 1673121755 
4 3 223 102 52 1.31 3444792982 
4 3 223 87 44 1.18 2377298060 
4 3 233 84 44 1.08 3173611581 
4 3 233 110 57 1.38 3751503498 
4 3 233 86 43 1.28 3266999709 
4 3 233 88 44 1.24 2279217715 
4 3 233 149 75 1.76 2496191853 
4 3 233 97 50 1.27 3399449092 
4 3 233 75 37 0.99 3436826365 
4 3 233 115 58 1.51 2396329399 
4 3 233 117 59 1.52 3409935274 
4 3 233 127 65 1.63 3075496238 
4 3 243 119 61 1.65 4629934521 
4 3 243 139 70 1.74 2414446095 
4 3 243 111 56 1.61 3268679046 
4 3 243 89 45 1.18 3457806543 
4 3 243 97 50 1.32 3765152580 
4 3 243 102 52 1.46 4205011932 
4 3 243 113 57 1.58 3865767582 
4 3 243 93 47 1.26 4863727526 
4 3 243 131 66 1.82 4187205013 
4 3 243 93 47 1.32 3594824388 
4 3 253 126 64 1.7 3929849975 
4 3 253 113 57 1.64 3967991601 
4 3 253 111 56 1.64 4673626703 
4 3 253 84 43 1.31 3998448272 
4 3 253 113 57 1.52 4248139643 
4 3 253 121 62 1.64 4258587170 
4 3 253 111 57 1.66 5217120447 
4 3 253 98 52 1.33 3415828677 
4 3 253 117 59 1.57 3358102689 
4 3 253 97 49 1.41 5370553648 
4 3 263 112 59 1.59 6534825595 
4 3 263 98 49 1.5 4943417092 
4 3 263 121 62 1.86 5800886703 
4 3 263 123 62 1.71 7075384720 
4 3 263 95 49 1.42 5074714936 
4 3 263 116 58 1.58 4994894997 
4 3 263 123 63 1.75 3659374608 
4 3 263 110 55 1.78 5564035818 
4 3 263 90 46 1.36 5493381965 
4 3 263 102 51 1.58 5706127792 
4 3 273 121 63 1.78 4937390525 
4 3 273 96 50 1.57 4578701348 
4 3 273 123 62 1.88 4812198357 
4 3 273 111 56 1.76 4559132659 
4 3 273 113 58 1.63 4863387957 
4 3 273 114 57 1.7 3850896421 
4 3 273 99 50 1.73 6107190564 
4 3 273 114 57 1.74 7175190780 
4 3 273 111 55 1.75 5393726382 
4 3 273 109 58 1.55 5834780937 
4 3 283 115 58 1.81 7801344193 
4 3 283 116 59 1.68 6384402665 
4 3 283 144 73 2.14 6354154695 
4 3 283 119 61 1.76 5652173726 
4 3 283 107 55 1.72 7247465704 
4 3 283 132 69 2.46 6655462682 
4 3 283 113 59 1.82 7225053868 
4 3 283 124 62 2.16 6329696240 
4 3 283 115 59 1.67 4317561204 
4 3 283 112 58 1.67 9141249818 
4 3 293 133 68 2.02 5782393273 
4 3 293 87 45 1.53 7507304627 
4 3 293 117 60 2.16 10668032443 
4 3 293 144 73 2.22 8296818759 
4 3 293 143 72 2.29 7241278558 
4 3 293 99 50 1.76 8742650257 
4 3 293 112 57 1.84 11916849383 
4 3 293 116 60 1.93 10431014972 
4 3 293 115 58 2 6931305822 
4 3 293 104 52 1.73 10447954021 
4 3 303 127 64 2.2 9064283881 
4 3 303 129 66 2.02 8066026475 
4 3 303 126 64 2.09 8194193978 
4 3 303 121 62 1.97 10394363271 
4 3 303 146 73 2.34 8640945551 
4 3 303 116 60 1.93 12141311642 
4 3 303 119 60 1.96 7399276771 
4 3 303 140 71 2.43 10232883791 
4 3 303 124 62 2.12 10004391303 
4 3 303 103 52 1.68 9416692108 
4 3 313 117 58 2.1 11025280570 
4 3 313 97 49 1.8 8704328551 
4 3 313 128 65 2.22 11314189752 
4 3 313 94 47 1.77 12611102658 
4 3 313 126 64 2.29 8928372144 
4 3 313 119 60 2.24 13195749253 
4 3 313 192 99 3.13 11989838868 
4 3 313 106 55 1.85 9563203749 
4 3 313 104 54 1.92 9452610038 
4 3 313 129 66 2.3 9664708315 
4 3 323 130 67 2.34 13153596024 
4 3 323 129 65 2.38 13873531565 
4 3 323 122 62 2.32 12183229282 
4 3 323 83 41 1.5 9514111911 
4 3 323 157 80 2.68 12040615164 
4 3 323 116 59 2.22 8905476406 
4 3 323 126 64 2.39 8359769380 
4 3 323 95 48 1.88 12906626557 
4 3 323 131 65 2.37 14593788612 
4 3 323 131 66 2.28 7227575166 
4 3 333 110 55 2.08 16125283176 
4 3 333 166 84 2.92 12135838409 
4 3 333 128 65 2.51 12216442371 
4 3 333 133 68 2.51 11181257544 
4 3 333 129 66 2.37 15411056632 
4 3 333 136 70 2.5 15613053192 
4 3 333 103 51 2.12 12268047304 
4 3 333 133 68 2.51 15894680705 
4 3 333 117 58 2.22 13868738956 
4 3 333 99 50 1.85 9632641388 
4 3 343 133 69 2.65 19464867465 
4 3 343 112 56 2.16 17237691075 
4 3 343 149 75 2.73 12200664777 
4 3 343 169 88 3.23 20909598151 
4 3 343 87 44 1.84 12864913933 
4 3 343 129 65 2.45 12287852030 
4 3 343 131 65 2.69 13829867470 
4 3 343 143 73 2.59 15000434453 
4 3 343 101 51 2.01 17847197996 
4 3 343 135 70 2.63 18618140357 
4 3 353 119 60 2.32 15301679696 
4 3 353 131 69 2.5 17509077531 
4 3 353 123 63 2.75 17281285911 
4 3 353 134 70 2.47 20356131193 
4 3 353 165 83 3.37 15359820848 
4 3 353 121 62 2.48 19461681748 
4 3 353 124 62 2.44 21815846911 
4 3 353 146 73 2.89 17987479486 
4 3 353 107 55 2.3 15108519335 
4 3 353 125 63 2.57 15382848590 
4 3 363 88 47 1.84 18023582843 
4 3 363 144 73 2.99 18450268247 
4 3 363 92 47 2 22532087923 
4 3 363 122 63 2.48 19722955054 
4 3 363 130 67 2.64 21220167401 
4 3 363 120 60 2.39 18984933891 
4 3 363 113 57 2.33 11424659502 
4 3 363 76 38 1.68 21863614473 
4 3 363 106 55 2.14 12985299116 
4 3 363 121 60 2.38 22299098908 
4 3 373 110 55 2.27 22450215349 
4 3 373 113 57 2.35 23341042799 
4 3 373 97 49 2.14 15072549064 
4 3 373 106 55 2.17 21081955475 
4 3 373 108 54 2.46 21961945963 
4 3 373 99 50 2.1 22139417502 
4 3 373 126 65 2.6 24722521756 
4 3 373 105 53 2.18 28012223673 
4 3 373 120 61 2.57 26915687238 
4 3 373 157 80 3.43 17376593799 
4 3 383 111 56 2.56 28987755182 
4 3 383 159 80 3.3 15366698437 
4 3 383 104 53 2.23 19776064210 
4 3 383 113 57 2.36 24565446706 
4 3 383 123 63 2.68 17065740229 
4 3 383 107 54 2.36 18092475512 
4 3 383 154 79 3.2 19113919848 
4 3 383 108 55 2.66 22681278853 
4 3 383 120 61 2.77 20923236415 
4 3 383 104 54 2.38 19789794752 
4 3 393 138 70 3.34 33451930720 
4 3 393 129 65 3.06 22080054017 
4 3 393 131 66 2.98 30305972319 
4 3 393 92 46 2.15 21651243101 
4 3 393 100 50 2.36 25457530908 
4 3 393 120 62 2.6 30035744955 
4 3 393 109 55 2.58 31936352697 
4 3 393 118 59 2.7 18214794144 
4 3 393 138 69 3.06 13761868106 
4 3 393 118 59 2.8 21097230443 
4 3 403 109 55 2.48 26451315831 
4 3 403 127 65 2.73 26045359241 
4 3 403 111 56 2.56 20334863160 
4 3 403 136 70 3.14 33116871106 
4 3 403 140 70 3.4 37800587573 
4 3 403 108 54 2.54 32104196355 
4 3 403 130 66 2.76 33196930412 
4 3 403 159 80 3.93 25332826209 
4 3 403 111 56 2.6 29719900135 
4 3 403 112 56 2.42 41884043263 
4 3 413 131 67 2.89 32206390927 
4 3 413 124 63 2.92 29035255030 
4 3 413 121 61 2.72 27043104293 
4 3 413 97 50 2.54 40360963046 
4 3 413 116 59 2.84 25202865629 
4 3 413 105 53 2.62 41832842624 
4 3 413 119 60 2.87 31674589912 
4 3 413 131 66 2.9 28274152637 
4 3 413 124 63 2.89 41843755217 
4 3 413 117 59 3 37661868389 
4 3 423 120 61 2.76 40625042593 
4 3 423 95 48 2.31 23614532751 
4 3 423 121 61 2.85 32350417323 
4 3 423 128 65 3.1 28543459365 
4 3 423 137 68 3.2 33968041805 
4 3 423 111 56 2.66 22241358086 
4 3 423 118 60 2.99 32725220460 
4 3 423 151 78 3.37 34432464659 
4 3 423 127 65 2.95 33055623367 
4 3 423 89 45 2.35 36490228559 
4 3 433 134 68 3.24 26075769282 
4 3 433 138 70 3.35 41791577932 
4 3 433 187 95 4.02 33732955915 
4 3 433 120 60 2.92 41925068543 
4 3 433 137 70 3.24 51493407190 
4 3 433 136 69 3.4 46515993760 
4 3 433 116 60 2.89 32765834706 
4 3 433 136 68 3.15 38512401889 
4 3 433 124 62 3.09 49583059247 
4 3 433 194 99 5.02 57474277969 
4 3 443 120 61 2.86 36814332404 
4 3 443 106 53 2.74 38431557433 
4 3 443 142 71 3.54 44162568735 
4 3 443 160 81 3.82 47708733601 
4 3 443 134 67 3.63 34558156082 
4 3 443 179 91 4.13 36378139079 
4 3 443 155 79 3.68 40834383897 
4 3 443 115 57 2.85 37197465772 
4 3 443 133 67 3.29 49362978724 
4 3 443 118 60 3.25 47055558288 
4 3 453 99 50 2.68 48632249684 
4 3 453 144 72 3.8 48955697144 
4 3 453 117 59 3.03 54276769724 
4 3 453 136 68 3.33 39086684526 
4 3 453 118 59 2.94 40813116826 
4 3 453 157 78 3.92 55583422698 
4 3 453 116 59 3.21 70367508465 
4 3 453 189 99 4.47 25056567377 
4 3 453 119 59 3.04 51700734769 
4 3 453 99 51 2.66 47747193953 
4 3 463 78 40 2.23 57055867150 
4 3 463 150 78 4.07 54314436078 
4 3 463 117 60 3.05 53113589369 
4 3 463 124 62 3.15 51006758039 
4 3 463 168 85 4.29 64749218353 
4 3 463 139 70 3.52 58459950350 
4 3 463 128 64 3.3 50728727124 
4 3 463 120 60 3.39 70065443116 
4 3 463 126 64 3.27 66621728290 
4 3 463 111 55 3.04 57470059122 
4 3 473 130 66 3.54 50939921808 
4 3 473 116 58 3.22 84763481755 
4 3 473 165 83 5.2 73692152614 
4 3 473 123 62 3.29 58605565263 
4 3 473 141 71 3.71 60195896478 
4 3 473 128 65 3.61 59834743686 
4 3 473 165 83 4.06 62960247597 
4 3 473 128 65 3.3 54690729431 
4 3 473 107 54 3.11 73672614301 
4 3 473 123 63 3.42 76242481418 
4 3 483 125 63 3.43 86388384724 
4 3 483 146 74 3.9 70045812942 
4 3 483 109 56 2.96 49510626395 
4 3 483 120 61 3.38 51511995757 
4 3 483 170 86 5.18 63718713607 
4 3 483 126 64 3.63 103816451394 
4 3 483 159 80 4.18 41611932705 
4 3 483 148 76 4.71 60239352132 
4 3 483 101 51 2.92 43603515001 
4 3 483 150 77 3.78 76162355423 
4 3 493 138 70 3.69 80986015700 
4 3 493 139 70 3.8 95608364413 
4 3 493 161 82 4.26 34253638819 
4 3 493 132 67 3.67 46417793792 
4 3 493 91 46 2.75 73815734177 
4 3 493 144 72 4.22 61338292895 
4 3 493 115 60 3.28 80058299466 
4 3 493 184 94 5.9 65445861118 
4 3 493 113 56 2.93 61275914619 
4 3 493 129 66 3.23 72267454858 
