4 3 10 23 11 0.02 55431 
4 3 10 22 11 0.01 11616 
4 3 10 24 13 0.02 151016 
4 3 10 27 13 0.01 61222 
4 3 10 28 12 0.01 109796 
4 3 10 23 12 0.02 30226 
4 3 10 22 11 0.01 18439 
4 3 10 29 14 0.02 62748 
4 3 10 26 13 0.02 103681 
4 3 10 27 13 0.02 183721 
4 3 20 54 28 0.09 54383107 
4 3 20 46 23 0.07 16645318 
4 3 20 57 28 0.08 19345419 
4 3 20 66 34 0.08 73619409 
4 3 20 45 23 0.07 22439742 
4 3 20 57 29 0.08 27332167 
4 3 20 62 32 0.09 33000230 
4 3 20 54 28 0.08 22508056 
4 3 20 48 25 0.08 112150372 
4 3 20 76 38 0.12 31265613 
4 3 30 68 34 0.13 772271273 
4 3 30 63 31 0.14 481568011 
4 3 30 81 41 0.17 509564944 
4 3 30 75 38 0.17 864161295 
4 3 30 58 29 0.13 1643870836 
4 3 30 72 37 0.17 843779637 
4 3 30 58 29 0.14 1628768869 
4 3 30 56 28 0.12 758641770 
4 3 30 70 35 0.17 1234252083 
4 3 30 71 35 0.17 874562530 
4 3 40 106 53 0.33 8647886071 
4 3 40 87 44 0.25 6517344583 
4 3 40 86 43 0.29 8337578422 
4 3 40 89 44 0.27 14644458656 
4 3 40 81 41 0.23 10183372144 
4 3 40 69 34 0.2 11423512968 
4 3 40 94 48 0.27 8008859484 
4 3 40 82 41 0.21 9596334387 
4 3 40 101 53 0.29 4758451917 
4 3 40 93 47 0.26 5808977580 
4 3 50 93 46 0.32 73459998268 
4 3 50 143 73 0.56 45902969690 
4 3 50 105 53 0.36 44607397118 
4 3 50 130 66 0.48 56309280456 
4 3 50 105 53 0.34 50543674540 
4 3 50 91 45 0.29 27071635436 
4 3 50 97 50 0.31 48791297138 
4 3 50 141 73 0.48 53662447944 
4 3 50 97 49 0.37 80966343995 
4 3 50 95 48 0.31 57393642375 
4 3 60 117 59 0.49 222593667315 
4 3 60 82 43 0.32 161942415563 
4 3 60 144 74 0.53 255890817412 
4 3 60 108 55 0.48 275407760194 
4 3 60 97 48 0.42 214116870611 
4 3 60 138 69 0.65 435586788511 
4 3 60 104 52 0.4 175031471027 
4 3 60 150 75 0.57 199858722323 
4 3 60 81 40 0.36 263815044271 
4 3 60 114 57 0.44 193229381702 
4 3 70 109 55 0.53 1257368426616 
4 3 70 112 57 0.53 703702876244 
4 3 70 126 63 0.59 1379288511353 
4 3 70 137 68 0.56 537646845548 
4 3 70 129 64 0.69 632539495008 
4 3 70 140 72 0.67 766380822432 
4 3 70 86 43 0.4 854880062731 
4 3 70 104 53 0.49 756654486796 
4 3 70 111 57 0.51 392384616080 
4 3 70 158 81 0.73 380748902465 
4 3 80 125 63 0.65 1728725972274 
4 3 80 148 76 0.81 2766067781786 
4 3 80 162 81 0.84 1313125595387 
4 3 80 126 65 0.7 2508666840984 
4 3 80 118 59 0.58 1493822895364 
4 3 80 141 72 0.72 2229338576009 
4 3 80 166 85 0.95 1333460418037 
4 3 80 136 70 0.71 1224126503501 
4 3 80 90 45 0.48 3085701039738 
4 3 80 130 66 0.7 2015311904557 
4 3 90 99 49 0.56 5546873194572 
4 3 90 167 83 0.94 7882142271868 
4 3 90 167 85 1.05 4313523323267 
4 3 90 142 72 0.86 4752649584636 
4 3 90 153 78 0.88 2697827712286 
4 3 90 214 109 1.41 4406631268943 
4 3 90 157 80 0.94 4349374402540 
4 3 90 120 60 0.72 4951755126348 
4 3 90 137 71 0.84 3402047530052 
4 3 90 173 87 1.07 4734139336182 
4 3 100 126 64 0.82 10072106612725 
4 3 100 164 82 1.16 10562347292582 
4 3 100 166 84 1.21 8055371019084 
4 3 100 124 63 0.9 10725978768741 
4 3 100 185 97 1.32 12409663463905 
4 3 100 185 94 1.31 15372018971055 
4 3 100 157 80 1 11395720269085 
4 3 100 132 67 0.84 12845932358748 
4 3 100 180 91 1.1 7841198137799 
4 3 100 145 73 0.88 8163097093570 
4 3 110 124 63 0.89 30890784645029 
4 3 110 161 82 1.27 19373191784532 
4 3 110 117 60 0.8 22035635313496 
4 3 110 142 71 1.06 24455986843228 
4 3 110 167 85 1.25 20049278123914 
4 3 110 159 81 1.15 16715467261260 
4 3 110 151 77 1.15 18751928259149 
4 3 110 166 84 1.1 16662040954027 
4 3 110 205 104 1.48 15773716040883 
4 3 110 148 76 1.01 33582663411915 
4 3 120 159 80 1.16 51619421194801 
4 3 120 140 71 1.04 26491076697705 
4 3 120 153 77 1.21 37306896870440 
4 3 120 158 81 1.29 50737802017224 
4 3 120 154 79 1.3 44045753509340 
4 3 120 151 77 1.15 48409390703891 
4 3 120 139 72 1.16 35518082694599 
4 3 120 127 63 0.94 28972089231882 
4 3 120 169 88 1.38 31481614735597 
4 3 120 174 88 1.5 37609219066055 
4 3 130 170 89 1.46 70705297274917 
4 3 130 118 60 1.06 84076860363482 
4 3 130 162 82 1.45 73766135260494 
4 3 130 193 98 1.6 83239624613665 
4 3 130 167 85 1.4 78132405652978 
4 3 130 157 80 1.37 98667004825559 
4 3 130 139 71 1.19 63157563359591 
4 3 130 132 67 1.04 36866941472440 
4 3 130 149 76 1.24 54647083709631 
4 3 130 141 71 1.18 77208918953466 
4 3 140 219 111 2.17 157490442547573 
4 3 140 231 123 2.02 101332026715450 
4 3 140 154 79 1.46 112991523652864 
4 3 140 212 107 1.77 120364902506391 
4 3 140 192 97 1.6 105878327474784 
4 3 140 146 75 1.29 74992062972344 
4 3 140 142 71 1.29 122712116028531 
4 3 140 181 93 1.71 149446234349138 
4 3 140 192 100 1.62 122144663592682 
4 3 140 163 82 1.44 87293292640551 
4 3 150 122 62 1.22 214070998278851 
4 3 150 131 66 1.19 256721794707066 
4 3 150 172 90 1.55 166134499474260 
4 3 150 196 99 1.82 137630276959044 
4 3 150 181 94 1.63 159173885922111 
4 3 150 177 90 1.71 133992499764244 
4 3 150 192 98 2.07 316255252968254 
4 3 150 177 90 1.72 228927276336867 
4 3 150 150 77 1.44 229929246493287 
4 3 150 200 102 1.8 285175181742840 
4 3 160 126 64 1.32 483349008080336 
4 3 160 221 114 2.1 287846208913085 
4 3 160 108 55 1.12 275200825409053 
4 3 160 164 84 1.6 384825390114218 
4 3 160 221 113 2.24 275442519332431 
4 3 160 213 109 2.13 292395099476851 
4 3 160 141 71 1.52 393412863055702 
4 3 160 154 78 1.66 383395076939043 
4 3 160 218 112 2.32 448329132941383 
4 3 160 126 63 1.19 298040657695942 
4 3 170 186 95 2.06 506310264380576 
4 3 170 171 87 1.8 665345022659546 
4 3 170 158 80 1.58 333573560503953 
4 3 170 159 79 1.74 616923649638084 
4 3 170 213 108 2.36 575491265855132 
4 3 170 182 93 1.94 449255382549901 
4 3 170 136 70 1.52 649808281584199 
4 3 170 161 82 1.63 487561632053956 
4 3 170 155 79 1.81 458771656552949 
4 3 170 183 92 1.9 356849641943428 
4 3 180 301 157 3.36 748313917555121 
4 3 180 238 122 2.51 772316011348625 
4 3 180 177 90 1.99 740594945222827 
4 3 180 240 122 2.79 1133426647850208 
4 3 180 137 70 1.53 512001137896526 
4 3 180 231 117 2.63 667322562111217 
4 3 180 269 136 2.97 652677208564003 
4 3 180 147 76 1.86 569617791279402 
4 3 180 169 86 1.9 781374027148438 
4 3 180 199 102 2.38 880234843369033 
4 3 190 172 90 1.86 1370592987465694 
4 3 190 187 95 2.17 895874423170644 
4 3 190 226 117 2.61 1323043652869156 
4 3 190 195 100 2.24 923057688622021 
4 3 190 194 100 2.26 1000936059969624 
4 3 190 234 120 2.77 745065743577390 
4 3 190 219 113 2.45 981290564040503 
4 3 190 179 90 2.03 1117039236090235 
4 3 190 215 112 2.53 1014143499615715 
4 3 190 218 109 2.68 1106368020425806 
4 3 200 194 98 2.66 1712198564943983 
4 3 200 234 121 3.25 2438609257669678 
4 3 200 202 103 2.42 1636133567479020 
4 3 200 136 69 1.72 1945907866931661 
4 3 200 177 90 2.23 1293496997198571 
4 3 200 171 88 2.04 961746970730747 
4 3 200 237 123 2.77 1336191147272038 
4 3 200 198 101 2.53 2179844935927724 
4 3 200 137 70 1.7 2245516816394867 
4 3 200 199 101 2.4 1326402902347521 
4 3 210 194 99 2.46 1910337219166742 
4 3 210 170 85 2.16 2256035137530489 
4 3 210 167 84 2.16 3298754047023437 
4 3 210 227 118 3.11 2640510782588873 
4 3 210 177 90 2.69 2182357970910630 
4 3 210 162 82 2.22 1904556003095646 
4 3 210 206 105 2.68 3426579292533889 
4 3 210 202 102 2.67 2501650388084222 
4 3 210 215 110 2.84 2229658889924277 
4 3 210 218 113 2.74 2358291528247277 
4 3 220 164 84 2.17 3559294481123998 
4 3 220 201 102 2.74 2791315042999459 
4 3 220 189 95 2.53 4003307091297896 
4 3 220 233 119 3.24 3106276321848668 
4 3 220 193 98 2.67 3430075532033829 
4 3 220 240 124 3.06 2264922664974679 
4 3 220 194 98 2.61 2577174973757933 
4 3 220 222 114 2.85 2294469785567591 
4 3 220 225 114 2.93 2477055088662178 
4 3 220 234 119 3.29 3742731026529930 
4 3 230 197 101 2.82 4977214654865345 
4 3 230 265 135 3.61 4074128815515776 
4 3 230 173 88 2.54 5774007248027576 
4 3 230 183 92 2.64 5788412582028311 
4 3 230 210 106 3.11 5323530819583452 
4 3 230 205 103 2.95 3006458505816166 
4 3 230 258 130 3.48 3243900653568906 
4 3 230 186 94 2.75 5316665231175892 
4 3 230 259 133 3.45 4056261324349777 
4 3 230 181 91 2.44 2608247710828147 
4 3 240 234 119 3.36 5085746454199060 
4 3 240 158 80 2.35 9532319642176804 
4 3 240 205 104 3.07 6542209447374061 
4 3 240 217 112 3.12 5973269803555855 
4 3 240 206 104 3.21 6300871461653676 
4 3 240 250 130 3.51 6597042880797198 
4 3 240 218 109 3.46 5513268637485953 
4 3 240 160 82 2.36 3142897623354417 
4 3 240 227 117 3.28 7401664580566455 
4 3 240 243 124 3.36 5300350840719863 
4 3 250 148 75 2.35 9293424806446628 
4 3 250 195 99 3.13 10156853358880094 
4 3 250 236 120 3.4 5513381578173368 
4 3 250 216 109 3.21 7249373929835468 
4 3 250 241 127 3.55 7724862752995900 
4 3 250 245 125 3.8 12143311491360065 
4 3 250 171 88 2.61 8307974468832841 
4 3 250 150 78 2.37 12013163116220360 
4 3 250 224 114 3.31 8087611025672962 
4 3 250 193 98 2.85 5868988975438836 
4 3 260 238 121 4.08 16665767053155745 
4 3 260 191 97 3.05 12106809922388845 
4 3 260 265 135 4.29 11934680397312317 
4 3 260 214 110 3.22 9353588465064141 
4 3 260 220 117 3.63 10529721502211095 
4 3 260 160 80 2.66 7607022625396356 
4 3 260 199 102 3.14 10691723157936645 
4 3 260 177 91 3.12 14404729911543529 
4 3 260 230 118 4.04 11358659771869049 
4 3 260 223 114 3.29 10698458107405191 
4 3 270 164 83 2.93 14868646055023237 
4 3 270 222 112 3.57 11339990362528376 
4 3 270 256 132 4.64 19993044415686038 
4 3 270 303 156 4.85 10733527998631253 
4 3 270 243 126 3.84 11238089043909473 
4 3 270 214 110 3.52 14074448441084293 
4 3 270 185 94 2.91 12772645459695843 
4 3 270 243 125 3.83 9900895062273769 
4 3 270 186 93 3.28 15504326636291227 
4 3 270 195 98 3.18 11980546709291666 
4 3 280 202 103 3.71 32454671357921581 
4 3 280 264 138 4.28 21567736771507817 
4 3 280 223 113 3.71 21305447598471465 
4 3 280 257 132 4.33 17184908280139686 
4 3 280 190 96 3.25 22427653702885328 
4 3 280 224 114 3.75 16171204095212512 
4 3 280 239 122 4.6 21380584145309999 
4 3 280 209 107 3.5 18027208150495832 
4 3 280 260 135 4.42 20526464082235779 
4 3 280 185 93 3.26 21342174511833320 
4 3 290 207 106 3.96 27321843420229592 
4 3 290 189 96 3.29 15818041113191537 
4 3 290 247 127 4.3 22992680034465588 
4 3 290 202 106 3.53 19711061712543347 
4 3 290 247 128 4.47 19807321857158486 
4 3 290 205 104 3.57 28111867150302727 
4 3 290 238 123 4.38 19732643779810131 
4 3 290 163 85 3.08 33252798987151065 
4 3 290 179 91 3.09 19373863275240054 
4 3 290 207 105 3.75 17692985152435808 
4 3 300 331 171 6.08 33710720188625083 
4 3 300 252 131 4.64 29685636634441007 
4 3 300 229 118 4.2 43028795588997515 
4 3 300 188 99 3.52 26207112462591572 
4 3 300 304 159 5.72 35266535048291222 
4 3 300 183 94 3.72 42830474913879012 
4 3 300 210 107 3.86 32412433478127094 
4 3 300 212 108 3.73 29761215942673389 
4 3 300 205 105 3.78 32276759616027606 
4 3 300 184 95 3.32 21443501671255700 
4 3 310 254 132 4.59 36842352127205123 
4 3 310 310 162 5.62 30511022140950929 
4 3 310 198 100 3.78 38844983834540166 
4 3 310 312 164 5.75 31352179982419246 
4 3 310 206 105 3.85 25597109651169965 
4 3 310 245 125 4.6 28834510250253207 
4 3 310 239 124 4.62 41691002209048637 
4 3 310 303 157 5.42 17999749839900926 
4 3 310 167 84 3.07 48809918592955403 
4 3 310 154 77 2.87 32602440265798429 
4 3 320 240 126 4.45 53710433111446000 
4 3 320 210 107 3.97 43845909923176068 
4 3 320 305 157 6.37 54906984707724681 
4 3 320 330 170 6.39 41263831615706016 
4 3 320 171 89 3.64 56625613847268363 
4 3 320 313 161 6.12 59170161055885527 
4 3 320 183 94 3.76 82406994236930025 
4 3 320 292 150 5.68 46361246277752622 
4 3 320 183 95 3.52 38905968518717852 
4 3 320 203 104 3.71 39962974830843055 
4 3 330 182 92 3.59 49204766200377904 
4 3 330 238 121 4.95 71376277150796776 
4 3 330 174 88 3.7 45744445420462941 
4 3 330 225 119 4.77 51992836116735372 
4 3 330 188 96 3.7 43391021819698485 
4 3 330 262 133 5.66 62115074552705239 
4 3 330 205 107 4.29 54364099881386133 
4 3 330 248 127 4.98 50027427792150209 
4 3 330 203 104 4.64 58625197061115950 
4 3 330 230 118 4.48 62086875973573961 
4 3 340 211 108 4.46 85877413982208739 
4 3 340 298 151 6.03 50995215141052864 
4 3 340 262 133 5.53 105577411223226000 
4 3 340 285 146 5.94 96021614178735729 
4 3 340 268 138 5.39 65536216266468401 
4 3 340 227 114 4.78 71505740539509384 
4 3 340 202 101 4.17 55430535255226631 
4 3 340 256 132 5.22 67324810223115291 
4 3 340 242 122 5 58744877495325006 
4 3 340 202 103 4.06 54125020444050702 
4 3 350 270 140 5.69 91814848088445072 
4 3 350 213 109 4.5 82382755384900252 
4 3 350 246 126 5.27 117643772017990981 
4 3 350 199 103 4.43 89669260873082356 
4 3 350 221 113 4.71 87573879205112418 
4 3 350 268 137 5.81 79815417553392566 
4 3 350 226 115 4.88 74172366495706200 
4 3 350 153 76 3.36 102742046610614208 
4 3 350 225 115 4.8 52993776384342484 
4 3 350 274 141 5.56 72810442580612616 
4 3 360 240 121 5.39 79801477978705953 
4 3 360 253 128 6.29 138732194791806335 
4 3 360 231 118 5.01 76176221617572268 
4 3 360 271 138 5.81 116070553251038230 
4 3 360 273 139 5.89 106927029156428393 
4 3 360 244 124 5.29 124888440454875503 
4 3 360 282 147 5.85 84565037207022213 
4 3 360 268 136 6.03 110886634995991589 
4 3 360 232 117 5.33 76953941537735166 
4 3 360 256 130 5.6 113946188866627370 
4 3 370 253 127 5.69 101500702732321234 
4 3 370 285 147 6.37 112694721438626216 
4 3 370 367 188 9.13 121126379138603182 
4 3 370 245 128 5.41 122929323176036557 
4 3 370 315 162 6.76 151819938407844190 
4 3 370 215 108 5.21 128005289378382794 
4 3 370 296 153 6.8 174763615866579411 
4 3 370 156 80 3.4 84665272380046480 
4 3 370 189 97 4.15 125495518688246336 
4 3 370 239 123 5.35 153866241915085913 
4 3 380 273 139 6.01 122535627920401678 
4 3 380 283 146 6.59 177717199211766491 
4 3 380 249 126 5.87 102875677318891876 
4 3 380 240 124 5.4 128711587311283934 
4 3 380 286 149 6.46 161227110127420130 
4 3 380 227 118 5.14 177913591138443345 
4 3 380 311 159 7.15 123083671955715018 
4 3 380 207 105 5.63 212410576303543912 
4 3 380 293 149 6.83 154430988153558037 
4 3 380 209 110 4.69 175326543538479294 
4 3 390 238 120 5.42 163518183479033658 
4 3 390 254 129 5.9 161104610717164669 
4 3 390 243 123 5.68 206521340320391684 
4 3 390 356 185 8.23 174570768160745694 
4 3 390 280 144 6.38 180517187095115720 
4 3 390 221 113 5.28 217545335955698432 
4 3 390 250 127 5.8 169860781370117744 
4 3 390 277 140 6.4 179475504384815061 
4 3 390 327 169 7.54 189989306755016822 
4 3 390 188 95 4.55 218521390978962145 
4 3 400 224 115 5.27 199075363887970473 
4 3 400 198 100 4.8 236406051401316366 
4 3 400 270 139 6.86 306337208715511456 
4 3 400 169 85 4.12 242193213964028966 
4 3 400 276 140 6.43 142511704370907546 
4 3 400 199 102 4.84 169027921910817413 
4 3 400 282 144 6.52 135570365119291865 
4 3 400 236 122 5.64 202828150089804499 
4 3 400 277 141 6.66 294141730550793524 
4 3 400 230 118 5.45 237132791586285020 
4 3 410 318 170 7.78 244580696335867119 
4 3 410 272 140 6.62 226354363094630915 
4 3 410 294 150 7.12 211366336565916808 
4 3 410 195 100 4.78 240169263251927882 
4 3 410 264 135 6.27 235117304678465065 
4 3 410 280 142 6.79 277442307690642768 
4 3 410 357 188 8.64 263805235363783337 
4 3 410 250 126 6.31 300373441632576658 
4 3 410 331 168 7.84 203480629715092319 
4 3 410 188 95 5.1 367437384636806336 
4 3 420 267 136 6.7 372152410609456613 
4 3 420 229 118 5.57 348301906885018484 
4 3 420 238 119 6.12 216290890322677219 
4 3 420 175 89 4.51 337677897520819579 
4 3 420 211 107 6.03 501379453701897119 
4 3 420 200 102 4.99 167578736682103846 
4 3 420 225 115 5.54 244517636733506359 
4 3 420 320 164 8.39 229007478808538800 
4 3 420 263 133 7.25 382609229341516028 
4 3 420 253 127 6.36 330770124044597593 
4 3 430 335 172 8.43 307561740232132796 
4 3 430 369 190 9.84 342189618101479844 
4 3 430 285 145 7.38 378397646101224267 
4 3 430 271 137 7.13 505340185087103841 
4 3 430 308 158 7.86 463602840910917474 
4 3 430 240 121 6.62 457093061895984632 
4 3 430 347 182 8.76 486004641533178987 
4 3 430 305 157 7.72 303665642364906914 
4 3 430 241 124 6.65 595004203504524640 
4 3 430 251 127 6.61 406351014445592763 
4 3 440 244 127 6.17 311915968652220364 
4 3 440 315 160 8.39 501127604808922308 
4 3 440 324 166 8.56 275171860785997806 
4 3 440 225 116 6.28 591950771632141781 
4 3 440 206 105 5.65 532410422954776433 
4 3 440 207 105 5.58 672853735717539517 
4 3 440 320 164 8.3 296400667286089287 
4 3 440 265 134 8.04 788298543836071145 
4 3 440 205 104 5.45 338898843137559538 
4 3 440 233 121 6.33 399790657680081861 
4 3 450 241 123 6.38 581126330467665360 
4 3 450 256 131 6.82 568761010921198961 
4 3 450 246 128 7.24 752043697569047457 
4 3 450 255 128 6.83 506994109732980362 
4 3 450 217 112 5.95 469554829475593156 
4 3 450 333 170 8.82 539621690035793679 
4 3 450 262 137 7.08 654337506422759202 
4 3 450 294 151 8.18 383772866980071078 
4 3 450 262 134 7.17 470188947906482906 
4 3 450 247 124 6.84 400094834465662846 
4 3 460 201 103 5.58 692728043274565067 
4 3 460 202 104 5.8 479968289027073618 
4 3 460 298 153 8.11 719709642879997865 
4 3 460 315 161 8.48 756482203683183941 
4 3 460 217 114 6.12 515027196729386800 
4 3 460 235 124 6.43 403864903181199729 
4 3 460 175 88 4.89 463053112366818866 
4 3 460 363 187 9.87 734458631488642710 
4 3 460 297 154 7.92 487406355226770415 
4 3 460 205 104 5.86 377781476861694264 
4 3 470 263 135 7.28 531932265417429974 
4 3 470 314 160 8.39 552099134914528137 
4 3 470 257 135 7.25 684574556201056697 
4 3 470 247 127 7.05 792295783924939729 
4 3 470 271 140 7.51 875026511984775575 
4 3 470 331 169 9.66 700423539986410722 
4 3 470 262 133 7.39 546812509585875032 
4 3 470 267 135 7.5 738168178868239355 
4 3 470 264 137 7.19 574204599867533761 
4 3 470 252 127 7.8 1156590465415789288 
4 3 480 318 162 9.24 796342979097051488 
4 3 480 242 124 6.81 700031189028496047 
4 3 480 303 156 8.48 874829527111542594 
4 3 480 321 165 9.4 963367293727213768 
4 3 480 329 169 9.33 991129131001605328 
4 3 480 280 143 7.79 623598122394697941 
4 3 480 294 154 8.58 772718523789937838 
4 3 480 296 151 9.04 1006912399997286055 
4 3 480 230 116 7.43 803257189834797185 
4 3 480 255 133 7.7 512673341428313228 
4 3 490 311 158 9.01 715486109214419771 
4 3 490 323 166 9.18 1236069570996707155 
4 3 490 264 133 7.77 746489341766729880 
4 3 490 218 111 6.53 856365461648763184 
4 3 490 330 170 9.53 1118573175729877177 
4 3 490 235 121 6.81 814871233067582876 
4 3 490 268 140 8.33 944952010386785161 
4 3 490 228 116 6.74 877509320753242199 
4 3 490 203 103 6.85 983864985569061508 
4 3 490 251 130 8.22 1604426730547664919 
