6 4 14 126 70 0.54 691655 
6 4 14 67 41 0.31 36046 
6 4 14 109 62 0.54 67269 
6 4 14 68 41 0.3 381512 
6 4 14 98 55 0.42 42475 
6 4 14 64 42 0.27 79878 
6 4 14 151 83 0.62 3815999 
6 4 14 47 28 0.25 20184 
6 4 14 137 78 0.56 497672 
6 4 14 101 61 0.45 686063 
6 4 15 126 76 0.65 3737658 
6 4 15 170 98 0.79 6234566 
6 4 15 248 132 1.08 4994506 
6 4 15 109 66 0.54 1204794 
6 4 15 93 59 0.45 994264 
6 4 15 139 81 0.62 2323456 
6 4 15 159 90 0.73 471604 
6 4 15 128 71 0.6 1186044 
6 4 15 220 116 0.96 8251880 
6 4 15 158 96 0.72 105768 
6 4 16 265 147 1.36 3249474 
6 4 16 270 144 1.44 4333151 
6 4 16 152 86 0.8 3182988 
6 4 16 183 108 1.05 935908 
6 4 16 181 98 0.99 9005566 
6 4 16 160 107 0.86 1957593 
6 4 16 184 102 1 13195930 
6 4 16 117 75 0.65 2080763 
6 4 16 223 131 1.18 1101050 
6 4 16 277 150 1.37 4349774 
6 4 17 310 172 1.64 11756776 
6 4 17 427 227 2.44 18163946 
6 4 17 295 169 1.74 91323267 
6 4 17 143 83 0.95 11670925 
6 4 17 130 70 0.8 17227660 
6 4 17 258 142 1.62 78965608 
6 4 17 321 168 1.82 13954559 
6 4 17 336 186 1.88 48273195 
6 4 17 578 297 3.58 33937580 
6 4 17 468 242 2.75 41782299 
6 4 18 319 191 2.01 3969826 
6 4 18 292 169 2.04 23515584 
6 4 18 256 143 1.69 15182090 
6 4 18 301 173 1.84 103986697 
6 4 18 532 291 3.36 37572025 
6 4 18 411 223 2.52 103662589 
6 4 18 347 189 2.09 13650994 
6 4 18 499 253 3.14 70769576 
6 4 18 213 124 1.41 4229563 
6 4 18 203 111 1.46 9723161 
6 4 19 374 212 2.68 37284226 
6 4 19 376 210 2.68 66075882 
6 4 19 418 235 3.05 39024433 
6 4 19 366 205 2.72 98909633 
6 4 19 450 239 3.27 16848281 
6 4 19 357 196 2.49 15908343 
6 4 19 477 262 3.22 163701641 
6 4 19 277 158 1.99 29785342 
6 4 19 355 207 2.45 29707148 
6 4 19 341 190 2.16 72771368 
6 4 20 446 241 3.32 137588528 
6 4 20 474 257 3.53 129215866 
6 4 20 339 195 2.45 161460959 
6 4 20 365 199 2.75 80617195 
6 4 20 373 203 2.75 164602764 
6 4 20 388 225 2.89 44715434 
6 4 20 655 364 5.12 118092225 
6 4 20 508 272 4.01 40579838 
6 4 20 549 288 5.13 34714329 
6 4 20 441 235 3.57 197091143 
6 4 21 752 425 7.19 341017053 
