4 3 10 29 14 0.02 50399 
4 3 10 24 12 0.01 28118 
4 3 10 21 11 0.01 120128 
4 3 10 27 13 0.02 60112 
4 3 10 20 10 0.01 73661 
4 3 11 25 13 0.02 18602 
4 3 11 27 14 0.02 25744 
4 3 11 28 14 0.02 89510 
4 3 11 30 14 0.02 31292 
4 3 11 32 15 0.02 151532 
4 3 12 32 16 0.03 215904 
4 3 12 28 14 0.02 144551 
4 3 12 37 18 0.03 1067497 
4 3 12 39 18 0.03 172320 
4 3 12 29 14 0.03 80440 
4 3 13 32 16 0.03 387522 
4 3 13 39 19 0.03 455132 
4 3 13 36 19 0.02 431008 
4 3 13 28 14 0.02 896040 
4 3 13 31 15 0.03 347241 
4 3 14 34 18 0.03 335260 
4 3 14 34 17 0.04 994154 
4 3 14 40 20 0.04 1386477 
4 3 14 43 21 0.04 567816 
4 3 14 46 23 0.05 3135463 
4 3 15 41 20 0.04 2258222 
4 3 15 47 24 0.05 872628 
4 3 15 40 20 0.05 4817680 
4 3 15 41 22 0.04 2390148 
4 3 15 37 19 0.04 3315677 
4 3 16 39 19 0.06 11146516 
4 3 16 39 20 0.06 7521704 
4 3 16 38 20 0.04 6579008 
4 3 16 45 22 0.05 2341608 
4 3 16 32 16 0.04 1684096 
4 3 17 54 28 0.06 5641851 
4 3 17 48 24 0.05 5431664 
4 3 17 42 21 0.05 3936042 
4 3 18 61 31 0.08 1660628 
4 3 17 37 19 0.04 21084964 
4 3 17 56 29 0.08 10503386 
4 3 18 59 29 0.07 4781777 
4 3 18 59 29 0.07 12355190 
4 3 18 50 25 0.07 12028056 
4 3 18 48 25 0.07 8946192 
4 3 19 55 27 0.07 18405686 
4 3 19 78 39 0.1 20180665 
4 3 19 55 27 0.08 20657636 
4 3 19 55 28 0.08 7231180 
4 3 19 39 19 0.06 13283998 
4 3 20 49 24 0.07 28666884 
4 3 20 47 23 0.07 19293525 
4 3 20 51 25 0.07 77639987 
4 3 20 54 27 0.08 32856134 
4 3 20 43 22 0.06 68399876 
4 3 21 67 34 0.11 44311556 
4 3 21 58 30 0.1 81226639 
4 3 21 46 23 0.07 62701580 
4 3 21 66 33 0.11 47215370 
4 3 21 44 22 0.07 148026048 
4 3 22 74 37 0.12 39423665 
4 3 22 61 31 0.09 113288054 
4 3 22 51 26 0.08 46853927 
4 3 22 64 33 0.11 122892276 
4 3 22 58 29 0.09 86324747 
4 3 23 75 39 0.12 47743752 
4 3 23 65 33 0.11 118811150 
4 3 23 54 27 0.1 100105109 
4 3 23 55 27 0.09 143969344 
4 3 23 55 28 0.09 123353789 
4 3 24 54 27 0.09 83421891 
4 3 24 65 33 0.12 293607152 
4 3 24 65 32 0.11 181284396 
4 3 25 70 35 0.12 218159544 
4 3 24 52 27 0.09 91692532 
4 3 25 63 33 0.13 101977876 
4 3 25 56 28 0.1 248882858 
4 3 24 51 25 0.1 119469721 
4 3 25 70 35 0.13 216519381 
4 3 26 78 40 0.13 436229867 
4 3 25 82 42 0.15 218002833 
4 3 26 68 35 0.12 262135350 
4 3 26 76 40 0.14 354500811 
4 3 26 58 29 0.13 404842191 
4 3 26 80 41 0.16 153192424 
4 3 27 65 33 0.15 245048537 
4 3 27 69 35 0.13 760402202 
4 3 27 79 40 0.16 882149850 
4 3 27 54 27 0.11 263228266 
4 3 27 95 48 0.18 176879912 
4 3 28 60 30 0.12 515383402 
4 3 28 79 40 0.16 794880669 
4 3 28 75 39 0.15 560661892 
4 3 28 70 35 0.14 366228205 
4 3 28 67 33 0.15 640917399 
4 3 29 81 41 0.16 514292653 
4 3 29 78 41 0.18 917707178 
4 3 29 73 36 0.18 669347277 
4 3 29 97 49 0.22 1090601938 
4 3 29 87 43 0.18 691361754 
4 3 30 74 37 0.17 1386597093 
4 3 30 56 28 0.14 1187252767 
4 3 30 73 37 0.16 1213633235 
4 3 30 62 31 0.16 1220085016 
4 3 31 82 41 0.16 943898428 
4 3 30 105 54 0.28 680601993 
4 3 31 91 46 0.2 1893181011 
4 3 32 75 38 0.17 2126579687 
4 3 31 100 50 0.23 1430312018 
4 3 31 72 36 0.14 831936365 
4 3 31 64 33 0.15 969849757 
4 3 32 75 37 0.17 1091992119 
4 3 33 74 37 0.19 3139373391 
4 3 32 73 37 0.16 354247815 
4 3 32 109 55 0.25 1695827830 
4 3 33 80 40 0.2 2026961183 
4 3 33 62 31 0.16 2984171129 
4 3 32 61 31 0.15 2747757466 
4 3 33 69 35 0.16 2956291037 
4 3 33 73 36 0.16 1828995826 
4 3 34 102 52 0.26 3261970608 
4 3 34 73 38 0.19 2988038726 
4 3 34 89 46 0.23 1394822528 
4 3 34 83 42 0.22 2037181779 
4 3 34 85 43 0.19 764833108 
4 3 35 97 49 0.24 3430973717 
4 3 35 80 40 0.22 4002089668 
4 3 35 89 46 0.23 3561765534 
4 3 35 74 37 0.2 2411637833 
4 3 36 75 37 0.18 2893344039 
4 3 36 102 51 0.28 8279904433 
4 3 36 91 45 0.23 3795070316 
4 3 36 99 52 0.3 3948732754 
4 3 35 78 40 0.18 2593539517 
4 3 37 90 46 0.23 3744229923 
4 3 36 87 44 0.23 4238605532 
4 3 37 81 40 0.22 5758860170 
4 3 37 83 42 0.24 7076898577 
4 3 38 84 43 0.24 8804436416 
4 3 37 75 37 0.2 3026645685 
4 3 37 87 43 0.23 6644057686 
4 3 38 84 42 0.24 6994630218 
4 3 38 107 54 0.32 7870709966 
4 3 38 65 32 0.18 5086693012 
4 3 38 77 38 0.24 5723580572 
4 3 39 87 43 0.25 8337576021 
4 3 39 128 65 0.36 10239162891 
4 3 39 83 42 0.23 9411108648 
4 3 39 95 48 0.25 5178348127 
4 3 40 80 41 0.25 17012839714 
4 3 39 77 39 0.22 11128959125 
4 3 40 108 54 0.3 5808391242 
4 3 40 107 55 0.3 6058762231 
4 3 40 81 41 0.25 10957400324 
4 3 41 88 44 0.26 18673722946 
4 3 40 97 49 0.28 8706629628 
4 3 41 91 45 0.24 8307088835 
4 3 41 92 46 0.26 13265937374 
4 3 41 78 40 0.22 11768906824 
4 3 41 91 47 0.28 6980912009 
4 3 42 116 58 0.37 10202831380 
4 3 42 113 57 0.36 14933629568 
4 3 42 74 37 0.24 10783666679 
4 3 42 107 54 0.32 12597122511 
4 3 42 94 47 0.3 15727453168 

