4 3 13 30 15 0.02 15431 
4 3 13 27 14 0.02 15418 
4 3 13 35 17 0.03 49870 
4 3 13 38 19 0.03 59753 
4 3 13 39 19 0.03 15316 
4 3 13 31 16 0.02 9575 
4 3 13 38 19 0.03 7936 
4 3 13 26 13 0.02 26060 
4 3 13 29 14 0.02 31210 
4 3 13 38 19 0.03 69735 
4 3 23 52 28 0.09 1303973 
4 3 23 56 28 0.08 841039 
4 3 23 41 21 0.06 1211388 
4 3 23 52 26 0.08 1440358 
4 3 23 49 25 0.08 1464957 
4 3 23 44 22 0.07 1578496 
4 3 23 60 30 0.1 1533801 
4 3 23 53 26 0.09 1378555 
4 3 23 57 29 0.08 1000569 
4 3 23 43 21 0.06 939009 
4 3 33 71 35 0.14 5247664 
4 3 33 60 30 0.13 5196529 
4 3 33 62 31 0.13 8224545 
4 3 33 41 20 0.08 6023336 
4 3 33 55 28 0.12 6835932 
4 3 33 57 29 0.13 6218019 
4 3 33 71 36 0.14 5667424 
4 3 33 69 35 0.16 10182135 
4 3 33 71 35 0.16 7527893 
4 3 33 82 43 0.16 5146378 
4 3 43 58 29 0.15 27432840 
4 3 43 74 38 0.21 22326186 
4 3 43 65 33 0.19 24897134 
4 3 43 85 44 0.23 36623475 
4 3 43 72 36 0.18 28235370 
4 3 43 65 32 0.16 22525849 
4 3 43 67 33 0.18 23447626 
4 3 43 61 29 0.16 31931815 
4 3 43 76 38 0.19 18950994 
4 3 43 87 46 0.21 33949462 
4 3 53 85 43 0.26 65881728 
4 3 53 91 46 0.28 69853800 
4 3 53 80 40 0.25 61445300 
4 3 53 67 34 0.2 73066110 
4 3 53 90 45 0.3 96229162 
4 3 53 69 35 0.24 72558113 
4 3 53 78 40 0.24 64250727 
4 3 53 80 41 0.26 78635203 
4 3 53 72 36 0.25 74828405 
4 3 53 64 32 0.22 114456203 
4 3 63 73 36 0.29 246590813 
4 3 63 72 37 0.28 202734853 
4 3 63 66 34 0.26 216542785 
4 3 63 54 27 0.21 176792878 
4 3 63 77 39 0.32 249335684 
4 3 63 96 49 0.37 194159425 
4 3 63 88 44 0.33 164667348 
4 3 63 54 27 0.21 149925178 
4 3 63 54 27 0.2 150341599 
4 3 63 66 34 0.27 105434090 
4 3 73 91 45 0.37 415386115 
4 3 73 75 37 0.32 316018444 
4 3 73 77 38 0.34 283404898 
4 3 73 106 54 0.44 295943104 
4 3 73 92 47 0.42 279488618 
4 3 73 98 49 0.47 442527629 
4 3 73 89 45 0.38 268892735 
4 3 73 60 30 0.29 330238046 
4 3 73 95 47 0.4 291444592 
4 3 73 74 37 0.34 393668945 
4 3 83 81 41 0.38 718433391 
4 3 83 88 44 0.42 530818879 
4 3 83 76 38 0.35 610681368 
4 3 83 119 61 0.62 646037234 
4 3 83 95 48 0.43 468154685 
4 3 83 92 46 0.44 622789705 
4 3 83 93 46 0.44 488668990 
4 3 83 97 49 0.43 512469139 
4 3 83 108 54 0.54 619285760 
4 3 83 71 36 0.36 583976870 
4 3 93 78 39 0.38 815713610 
4 3 93 82 42 0.47 1531813059 
4 3 93 81 41 0.43 1001950684 
4 3 93 105 53 0.51 865267359 
4 3 93 83 41 0.46 1189044598 
4 3 93 78 39 0.4 853100723 
4 3 93 86 43 0.44 1280797817 
4 3 93 88 44 0.44 572005096 
4 3 93 108 54 0.59 652676343 
4 3 93 122 61 0.58 846110566 
4 3 103 93 47 0.57 1525744638 
4 3 103 112 57 0.66 1275059960 
4 3 103 92 46 0.55 1216341824 
4 3 103 78 39 0.52 2019748505 
4 3 103 76 38 0.42 1057466510 
4 3 103 83 42 0.48 2107983960 
4 3 103 93 46 0.54 976888998 
4 3 103 99 49 0.63 1664275370 
4 3 103 88 45 0.54 1485544980 
4 3 103 86 43 0.51 1518218669 
4 3 113 89 46 0.57 2339540177 
4 3 113 96 49 0.64 2178852449 
4 3 113 97 49 0.62 2361006775 
4 3 113 99 52 0.64 2193797131 
4 3 113 84 43 0.51 1767449717 
4 3 113 123 63 0.85 3315917225 
4 3 113 116 58 0.7 1959824418 
4 3 113 71 36 0.47 1190989664 
4 3 113 95 49 0.68 2016046482 
4 3 113 93 48 0.57 1690188591 
4 3 123 76 39 0.54 2641833799 
4 3 123 91 45 0.64 2304943610 
4 3 123 91 46 0.66 3436917466 
4 3 123 90 45 0.63 3063880285 
4 3 123 91 46 0.63 2663391557 
4 3 123 74 37 0.5 3111373334 
4 3 123 107 54 0.78 4268882738 
4 3 123 91 47 0.64 3578317740 
4 3 123 85 42 0.66 3955614789 
4 3 123 114 58 0.82 3899106482 
4 3 133 103 51 0.77 3645760337 
4 3 133 107 54 0.78 4161750978 
4 3 133 105 52 0.8 2971162975 
4 3 133 91 46 0.7 4104212102 
4 3 133 90 46 0.71 5194268521 
4 3 133 104 53 0.74 3728508826 
4 3 133 103 51 0.77 4511995729 
4 3 133 89 45 0.69 3956535032 
4 3 133 97 49 0.76 5746728101 
4 3 133 96 48 0.72 5195900584 
4 3 143 88 44 0.73 5355847729 
4 3 143 92 48 0.76 3806383988 
4 3 143 106 54 0.92 4783126795 
4 3 143 77 39 0.64 6474657655 
4 3 143 83 41 0.68 5443883906 
4 3 143 118 59 0.88 6521445787 
4 3 143 77 39 0.59 6953878241 
4 3 143 93 47 0.7 5086949655 
4 3 143 106 53 0.88 5504623444 
4 3 143 95 48 0.76 6657530949 
4 3 153 124 62 1.03 9021934988 
4 3 153 100 51 0.91 5812355244 
4 3 153 150 77 1.26 8820099181 
4 3 153 104 53 1 11796417319 
4 3 153 98 49 0.81 8275041989 
4 3 153 68 34 0.65 9194507869 
4 3 153 94 47 0.81 7595532358 
4 3 153 95 48 0.9 10811246821 
4 3 153 95 47 0.76 5541582887 
4 3 153 114 57 0.96 10014222946 
4 3 163 163 83 1.58 14314983532 
4 3 163 126 65 1.06 9034438810 
4 3 163 136 70 1.23 14945970734 
4 3 163 117 59 0.98 11928511259 
4 3 163 117 59 1.02 11357601836 
4 3 163 127 65 1.2 12155773274 
4 3 163 106 53 1.04 14623926528 
4 3 163 126 63 1.07 9874572049 
4 3 163 88 44 0.79 9169842010 
4 3 163 93 47 0.82 8760722962 
4 3 173 96 49 0.93 13103327952 
4 3 173 103 52 1.18 19590436168 
4 3 173 80 41 0.8 12978094966 
4 3 173 121 62 1.18 14869437586 
4 3 173 76 39 0.8 13305575083 
4 3 173 88 45 0.85 9634949543 
4 3 173 100 50 0.96 14743511059 
4 3 173 108 54 1.04 11186284649 
4 3 173 103 52 1.08 16520711523 
4 3 173 99 50 0.91 11678809630 
4 3 183 92 47 0.98 17971109600 
4 3 183 102 52 1.06 17049929906 
4 3 183 100 50 1.04 15822004167 
4 3 183 132 66 1.44 17302327494 
4 3 183 125 64 1.21 12810548672 
4 3 183 79 39 0.86 21842792298 
4 3 183 112 56 1.2 14771084619 
4 3 183 82 42 0.86 23064584099 
4 3 183 102 51 1.08 16455735001 
4 3 183 87 43 0.89 21333110929 
4 3 193 110 55 1.12 24383155634 
4 3 193 139 70 1.36 15605966002 
4 3 193 106 53 1.15 22312551745 
4 3 193 114 58 1.26 20062039411 
4 3 193 95 48 1.02 24377776638 
4 3 193 119 60 1.26 19344024364 
4 3 193 95 49 1.12 30142918149 
4 3 193 112 57 1.2 19641725957 
4 3 193 118 60 1.19 22953911251 
4 3 193 106 54 1.12 19799654177 
4 3 203 123 61 1.42 30395663472 
4 3 203 83 41 1 21544688490 
4 3 203 98 49 1.08 27312424835 
4 3 203 101 51 1.16 26450376919 
4 3 203 113 56 1.3 27992756056 
4 3 203 87 44 1.07 32766377073 
4 3 203 91 45 1 38477832954 
4 3 203 111 56 1.3 21739722860 
4 3 203 115 57 1.27 26892720473 
4 3 203 93 47 1.12 22406447713 
4 3 213 103 52 1.29 36356896671 
4 3 213 121 61 1.37 38350986111 
4 3 213 147 75 1.71 37412171067 
4 3 213 109 54 1.35 15980759577 
4 3 213 114 58 1.42 26960828786 
4 3 213 124 62 1.44 32805687692 
4 3 213 134 68 1.53 44181669450 
4 3 213 93 47 1.16 26533832573 
4 3 213 107 53 1.35 21566210277 
4 3 213 115 57 1.38 24195057882 
4 3 223 119 60 1.53 42278747753 
4 3 223 111 56 1.42 52742005037 
4 3 223 151 76 1.97 37284525734 
4 3 223 117 58 1.47 48440808808 
4 3 223 76 39 1.06 46298515532 
4 3 223 130 66 1.74 54754079233 
4 3 223 97 49 1.29 49317297028 
4 3 223 106 53 1.28 40139975679 
4 3 223 105 52 1.26 35085196174 
4 3 223 100 50 1.3 29848278388 
4 3 233 119 59 1.59 35771557762 
4 3 233 124 62 1.66 38237344756 
4 3 233 97 49 1.31 48707129942 
4 3 233 102 51 1.28 49356866339 
4 3 233 89 45 1.18 50260144968 
4 3 233 103 51 1.4 49149189029 
4 3 233 108 55 1.43 64397930323 
4 3 233 91 45 1.2 54656105228 
4 3 233 138 70 1.96 53176460387 
4 3 233 103 52 1.3 58335021965 
4 3 243 109 55 1.45 59095602381 
4 3 243 127 64 1.64 40226616055 
4 3 243 157 79 2.14 57901348347 
4 3 243 111 56 1.75 50941117225 
4 3 243 92 46 1.32 46514361918 
4 3 243 161 82 2.11 58935603483 
4 3 243 174 88 2.5 72428385923 
4 3 243 136 69 1.74 55861203878 
4 3 243 128 65 1.76 50108993641 
4 3 243 133 67 1.8 62084772532 
4 3 253 98 50 1.4 41828832057 
4 3 253 113 59 1.9 74946330500 
4 3 253 105 52 1.42 71777706452 
4 3 253 119 60 1.76 54049242507 
4 3 253 122 63 1.79 66030807543 
4 3 253 134 68 1.87 59110578998 
4 3 253 104 52 1.47 62077507756 
4 3 253 109 55 1.68 74117279386 
4 3 253 107 54 1.54 71258627036 
4 3 253 114 57 1.68 53944243453 
4 3 263 122 61 1.92 94979682906 
4 3 263 164 83 2.21 55287845945 
4 3 263 110 55 1.62 78384289677 
4 3 263 143 72 1.96 69708771979 
4 3 263 137 69 1.98 67330566824 
4 3 263 141 71 2.03 72192747980 
4 3 263 120 60 1.83 100478892011 
4 3 263 104 54 1.5 66643433773 
4 3 263 109 55 1.71 130127164071 
4 3 263 86 43 1.52 126968113671 
4 3 273 97 49 1.46 76643218022 
4 3 273 124 62 1.83 103765365410 
4 3 273 140 70 2.11 80202193051 
4 3 273 96 49 1.5 94344059053 
4 3 273 108 56 1.69 99765349087 
4 3 273 162 81 2.19 53949211371 
4 3 273 146 74 2.3 134872732819 
4 3 273 125 63 1.92 93211706197 
4 3 273 112 57 1.7 92847049193 
4 3 273 157 79 2.26 111565349420 
4 3 283 106 54 1.77 141102319350 
4 3 283 151 76 2.27 75069968226 
4 3 283 130 66 2.05 135349219537 
4 3 283 129 65 1.96 146298488702 
4 3 283 105 53 1.73 96302863041 
4 3 283 95 47 1.57 164589867274 
4 3 283 128 64 2.12 75831415372 
4 3 283 138 70 2.24 98655611938 
4 3 283 110 55 1.76 162202250296 
4 3 283 144 75 2.56 149373869167 
4 3 293 96 48 1.6 149367097391 
4 3 293 98 49 1.6 89404137842 
4 3 293 107 54 1.78 128903150623 
4 3 293 99 50 1.69 117384264561 
4 3 293 104 52 1.8 97568060140 
4 3 293 115 59 1.82 117703412780 
4 3 293 142 71 2.16 110466954285 
4 3 293 115 57 2.02 112147710648 
4 3 293 113 57 1.98 121559699594 
4 3 293 84 42 1.45 158577197974 
4 3 303 117 59 1.93 147651382828 
4 3 303 121 61 2.06 164021830529 
4 3 303 122 63 2.23 140640374845 
4 3 303 147 74 2.34 136007274081 
4 3 303 125 63 2.22 197435004734 
4 3 303 103 52 1.77 130911324146 
4 3 303 141 71 2.34 130085298825 
4 3 303 173 89 2.79 201165845276 
4 3 303 113 56 1.98 185890141756 
4 3 303 140 72 2.24 92874744387 
4 3 313 152 77 2.58 165853305710 
4 3 313 133 68 2.22 178160133565 
4 3 313 126 66 2.3 138776111872 
4 3 313 149 76 2.46 142717859254 
4 3 313 100 51 1.76 143060906175 
4 3 313 104 52 1.87 170263555055 
4 3 313 128 64 2.1 130333727570 
4 3 313 179 90 3.45 164297253107 
4 3 313 110 55 2.04 177076201230 
4 3 313 146 74 2.53 172248909022 
4 3 323 99 49 1.86 133311984634 
4 3 323 140 70 2.46 176740890870 
4 3 323 122 61 2.13 154985040573 
4 3 323 116 58 2.36 168160167559 
4 3 323 98 50 1.81 227393937666 
4 3 323 146 73 2.85 256117257855 
4 3 323 107 54 2.04 251532347191 
4 3 323 115 57 2.1 235863080412 
4 3 323 134 67 2.62 207159431478 
4 3 323 153 78 2.6 157527343520 
4 3 333 127 64 2.15 165801729574 
4 3 333 135 67 2.5 178671846184 
4 3 333 109 54 2.06 281092243351 
4 3 333 174 89 3.2 184721342695 
4 3 333 105 53 2.03 200421044153 
4 3 333 130 69 2.39 214012474118 
4 3 333 102 51 1.94 233962864003 
4 3 333 248 126 4.42 221396794786 
4 3 333 97 49 1.94 240889153139 
4 3 333 142 71 2.6 234976223617 
4 3 343 105 53 2.16 209023290510 
4 3 343 104 54 2.08 201560205991 
4 3 343 106 53 2.11 204176508802 
4 3 343 125 62 2.45 218852735056 
4 3 343 102 52 2.05 317176843890 
4 3 343 125 63 2.4 232241454888 
4 3 343 92 47 1.85 312169645317 
4 3 343 105 52 1.95 293461189617 
4 3 343 120 61 2.58 238719023575 
4 3 343 126 64 2.52 274315130934 
4 3 353 139 70 2.62 323129054410 
4 3 353 146 73 2.78 285708888315 
4 3 353 107 54 2.15 282988325310 
4 3 353 121 61 2.61 216496518724 
4 3 353 116 58 2.27 262166777982 
4 3 353 94 48 1.88 273575611320 
4 3 353 130 65 2.73 319954747365 
4 3 353 128 64 2.7 268949743917 
4 3 353 103 51 2.25 254488923459 
4 3 353 124 62 2.41 300835964061 
4 3 363 112 57 2.36 286667909498 
4 3 363 121 61 2.7 275725181916 
4 3 363 87 44 1.91 288351266256 
4 3 363 119 61 2.34 324486600329 
4 3 363 155 78 2.92 311682232818 
4 3 363 136 69 2.63 207204299181 
4 3 363 135 67 2.65 306127474822 
4 3 363 112 56 2.41 277715233479 
4 3 363 121 61 2.47 323728858852 
4 3 363 121 61 2.46 334824483679 
4 3 373 151 77 2.84 272032650036 
4 3 373 162 82 3.33 322254151511 
4 3 373 149 76 2.89 337173976339 
4 3 373 140 71 2.75 390698741848 
4 3 373 100 51 2.49 245486072354 
4 3 373 125 63 2.62 394156884633 
4 3 373 127 66 2.48 229673422965 
4 3 373 150 76 3.13 387262388341 
4 3 373 118 59 2.59 469095352180 
4 3 373 121 61 2.75 315344110275 
4 3 383 112 56 2.66 326581233076 
4 3 383 129 65 2.86 492993056557 
4 3 383 123 62 3.02 395426002624 
4 3 383 99 49 2.34 346924224673 
4 3 383 101 50 2.16 456915123844 
4 3 383 117 58 2.89 553944154867 
4 3 383 101 50 2.33 459284069887 
4 3 383 141 72 3.48 537587293237 
4 3 383 139 70 3.2 417310962760 
4 3 383 124 62 2.92 422279859251 
4 3 393 107 53 2.41 338528112542 
4 3 393 137 69 2.92 402816194964 
4 3 393 121 60 2.77 359128011039 
4 3 393 120 60 2.86 384777814131 
4 3 393 110 55 2.46 336595479100 
4 3 393 138 69 3 345539260949 
4 3 393 110 55 2.58 431189989633 
4 3 393 113 56 2.77 406215984374 
4 3 393 113 58 2.57 503815190268 
4 3 393 119 60 2.64 308318693622 
4 3 403 134 67 2.88 426031627738 
4 3 403 112 56 2.54 356483037037 
4 3 403 132 66 3 453720345694 
4 3 403 144 72 3.77 360729692827 
4 3 403 110 56 2.63 656012515075 
4 3 403 128 65 3.16 387263941737 
4 3 403 145 74 3.29 520148106823 
4 3 403 107 54 2.59 445155423394 
4 3 403 101 50 2.3 582105216130 
4 3 403 111 55 2.46 532199666056 
4 3 413 157 81 3.36 513439468583 
4 3 413 151 76 3.29 666497905657 
4 3 413 125 63 3.21 670134223363 
4 3 413 119 61 2.85 598877380547 
4 3 413 128 65 2.92 650181790448 
4 3 413 116 58 2.86 501214091985 
4 3 413 119 61 3.04 523088153203 
4 3 413 143 72 3.08 516684145990 
4 3 413 95 47 2.29 727980314663 
4 3 413 127 64 2.88 458657725315 
4 3 423 100 50 2.53 523254275907 
4 3 423 134 68 3.21 577663871383 
4 3 423 162 82 4.51 741841240152 
4 3 423 174 88 3.71 478283737311 
4 3 423 120 60 2.79 597682309635 
4 3 423 106 53 2.69 624561213988 
4 3 423 144 73 3.32 487925043836 
4 3 423 117 59 2.95 579591628025 
4 3 423 118 59 2.87 635944219946 
4 3 423 146 75 3.63 479369387678 
4 3 433 120 61 2.95 541067664933 
4 3 433 145 73 3.32 439225538488 
4 3 433 120 60 3.15 654283890447 
4 3 433 138 70 3.58 684577554387 
4 3 433 108 55 2.7 714538524310 
4 3 433 149 76 3.5 639723075297 
4 3 433 125 63 3.11 600770039981 
4 3 433 127 64 3.22 593790430839 
4 3 433 113 58 2.96 532323084768 
4 3 433 144 72 3.52 489776303168 
4 3 443 156 79 3.9 604853885217 
4 3 443 130 66 3.13 538725530286 
4 3 443 123 62 3.05 600008233200 
4 3 443 103 51 2.62 610403610464 
4 3 443 158 80 3.94 648611686684 
4 3 443 127 64 3.16 763029530989 
4 3 443 160 80 3.83 749120922671 
4 3 443 107 53 2.51 683244713121 
4 3 443 122 62 3.15 807197909716 
4 3 443 126 65 3.15 921716740657 
4 3 453 135 68 3.38 1008659443601 
4 3 453 116 58 3.01 875978436752 
4 3 453 115 59 2.97 603242332580 
4 3 453 122 61 2.72 821793863027 
4 3 453 125 63 3.2 713011742781 
4 3 453 140 70 3.57 661111860463 
4 3 453 147 74 3.57 749166275971 
4 3 453 153 76 3.71 549829514831 
4 3 453 116 58 3.13 906573821887 
4 3 453 122 61 3.31 826845011946 
4 3 463 99 49 2.68 945032813104 
4 3 463 127 63 3.4 1015597896804 
4 3 463 130 65 3.32 861833612930 
4 3 463 151 77 4.15 798915795072 
4 3 463 140 72 3.68 599006027990 
4 3 463 113 57 3.07 913868303400 
4 3 463 120 60 3.27 409474418476 
4 3 463 129 64 3.41 887171790555 
4 3 463 123 62 3.25 863904194405 
4 3 463 106 54 2.81 918001410686 
4 3 473 123 62 3.64 922607456123 
4 3 473 152 78 3.86 946207210671 
4 3 473 143 72 3.89 848772345063 
4 3 473 134 68 3.49 862947917986 
4 3 473 124 62 3.43 881653909292 
4 3 473 122 61 3.37 876456992325 
4 3 473 136 69 3.81 996571157709 
4 3 473 138 70 3.6 623086880365 
4 3 473 149 77 3.77 952865775905 
4 3 473 128 65 3.37 726853134168 
4 3 483 145 73 4.11 1100404693946 
4 3 483 122 63 3.42 1020674853409 
4 3 483 105 53 3.14 1348381338570 
4 3 483 101 50 2.94 1182448977420 
4 3 483 118 60 3.19 901367863840 
4 3 483 153 77 4.13 773734602200 
4 3 483 111 56 3.24 591158814376 
4 3 483 125 63 3.32 1084803754634 
4 3 483 167 86 4.24 1081142207676 
4 3 483 114 59 3.07 986110025881 
4 3 493 110 57 3.13 1023567690549 
4 3 493 117 59 3.45 794845215545 
4 3 493 113 56 3.36 906301494885 
4 3 493 129 64 3.59 1303263382282 
4 3 493 141 72 3.86 752821639864 
4 3 493 141 71 4.3 919150941664 
4 3 493 132 66 3.75 1353840814687 
4 3 493 125 63 3.54 1211527766037 
4 3 493 166 85 4.4 902636633006 
4 3 493 143 72 3.99 1056583557124 
