6 4 14 42 27 0.21 1556 
6 4 14 86 53 0.39 10728 
6 4 14 99 55 0.46 13956 
6 4 14 100 59 0.4 36755 
6 4 14 147 81 0.57 72555 
6 4 14 59 34 0.28 18456 
6 4 14 73 45 0.38 32604 
6 4 14 74 41 0.35 27428 
6 4 14 109 64 0.48 33055 
6 4 14 108 65 0.48 82412 
6 4 15 69 40 0.37 1659969 
6 4 15 112 63 0.6 927857 
6 4 15 187 100 0.84 1199311 
6 4 15 268 141 1.23 1856868 
6 4 15 243 130 0.99 746861 
6 4 15 221 117 1.05 2212699 
6 4 15 134 77 0.64 2528328 
6 4 15 111 69 0.58 140268 
6 4 15 236 127 1.04 1702688 
6 4 15 184 104 0.85 1349143 
6 4 16 246 134 1.24 6995046 
6 4 16 176 101 0.88 474804 
6 4 16 236 135 1.23 7215510 
6 4 16 310 170 1.53 1013910 
6 4 16 277 147 1.51 7098663 
6 4 16 254 138 1.32 3109066 
6 4 16 222 131 1.16 1257739 
6 4 16 236 131 1.17 1351852 
6 4 16 176 102 0.93 429298 
6 4 16 228 125 1.18 1785624 
6 4 17 294 164 1.63 5650861 
6 4 17 406 228 2.35 11833478 
6 4 17 123 77 0.74 3297530 
6 4 17 330 190 1.8 1230842 
6 4 17 262 141 1.69 580066 
6 4 17 342 186 1.88 800034 
6 4 17 404 220 2.36 3423208 
6 4 17 233 137 1.39 1368879 
6 4 17 344 191 2.14 4485293 
6 4 17 189 112 1.2 798634 
6 4 18 135 81 0.91 2283298 
6 4 18 191 113 1.2 385648 
6 4 18 360 205 2.3 7314777 
6 4 18 390 222 2.35 8969069 
6 4 18 354 187 2.16 4226143 
6 4 18 245 139 1.59 9050766 
6 4 18 419 222 2.75 6259267 
6 4 18 300 169 1.89 3360437 
6 4 18 385 227 2.55 4180306 
6 4 18 237 136 1.52 1255580 
6 4 19 361 198 2.74 10945064 
6 4 19 315 188 2.22 4731885 
6 4 19 567 309 4 11363903 
6 4 19 196 128 1.39 1051877 
6 4 19 551 289 3.92 25532062 
6 4 19 224 127 1.65 2139300 
6 4 19 349 204 2.46 3869448 
6 4 19 606 310 3.93 34533454 
6 4 19 419 247 2.82 2813883 
6 4 19 341 182 2.4 645702 
6 4 20 549 302 4.01 12861616 
6 4 20 478 253 3.58 26810921 
6 4 20 652 334 5.16 44995867 
6 4 20 467 270 3.74 30888957 
6 4 20 539 292 4.48 48348149 
6 4 20 517 262 3.82 30359344 
6 4 20 568 325 4.25 23414811 
6 4 20 503 283 4.34 54827658 
6 4 20 746 393 5.77 85854128 
6 4 20 552 291 4.2 89976716 
6 4 21 944 493 8.66 80180801 
6 4 21 555 305 4.54 178082632 
6 4 21 611 322 5.12 44901167 
6 4 21 487 267 4.16 74023081 
6 4 21 730 382 5.97 212267300 
6 4 21 752 424 6.71 34443093 
6 4 21 562 313 4.6 270751859 
6 4 21 754 412 6.53 58426579 
6 4 21 460 241 3.59 54609257 
6 4 21 632 345 5.56 106027068 
6 4 22 851 467 7.97 98971074 
6 4 22 341 194 3.07 42599303 
6 4 22 1105 563 11.5 130020092 
6 4 22 719 383 6.41 64557841 
6 4 22 520 281 4.62 30259921 
6 4 22 925 489 8.49 175623043 
6 4 22 840 471 8.55 61178392 
6 4 22 695 394 6.39 93455430 
6 4 22 872 472 7.34 54647368 
6 4 22 644 353 5.62 76001068 
6 4 23 670 387 6.37 73161497 
6 4 23 834 467 8.38 74618217 
6 4 23 342 195 3.42 24406749 
6 4 23 1026 511 9.92 118378058 
6 4 23 590 334 5.16 62642896 
6 4 23 581 317 5.61 124515340 
6 4 23 714 414 7.21 195443270 
6 4 23 628 352 6.5 46170094 
6 4 23 807 437 8.6 112368831 
6 4 23 652 358 6.22 52041996 
6 4 24 1035 543 10.99 69219384 
6 4 24 867 459 8.49 67994347 
6 4 24 1141 616 12.94 147561259 
6 4 24 594 325 6.22 71357711 
6 4 24 685 379 6.98 72739189 
6 4 24 637 358 6.53 111686409 
6 4 24 423 247 4.31 145803458 
6 4 24 1093 579 12.56 101685881 
6 4 24 572 311 5.69 24924876 
6 4 24 843 451 9.58 33132138 
6 4 25 1655 883 20 1010609311 
6 4 25 1213 625 13.66 611839047 
6 4 25 1270 660 15.76 2345437244 
6 4 25 1403 714 17.8 1251465368 
6 4 25 1424 759 19.41 766850813 
6 4 25 1334 671 16.92 977805924 
6 4 25 1232 643 15.87 716541464 
6 4 25 1141 601 14 292402947 
6 4 25 1356 711 15.7 716755735 
6 4 25 1023 550 12.19 658289103 
6 4 26 1357 751 16.72 395331477 
6 4 26 1294 707 15.89 498793302 
6 4 26 1287 661 16.85 454794809 
6 4 26 1342 673 15.98 920596785 
6 4 26 754 429 8.9 391262205 
6 4 26 986 515 11.02 450414670 
6 4 26 1126 612 14.65 547867651 
6 4 26 1318 670 15.69 1407554045 
6 4 26 945 514 11.53 1277955328 
6 4 26 851 451 9.85 721222107 
6 4 27 1745 927 27.99 2019184139 
6 4 27 1075 553 12.02 369006929 
6 4 27 968 503 11.38 664203321 
6 4 27 1153 610 15.02 239696322 
6 4 27 1251 665 14.22 528072867 
6 4 27 1121 605 14.09 1247026169 
6 4 27 1101 588 13.51 568892616 
6 4 27 985 514 12.53 1358062508 
6 4 27 939 501 11.51 203610389 
6 4 27 1659 877 25.41 883755349 
6 4 28 1303 684 17.48 1098417757 
6 4 28 1129 569 14.17 519990437 
6 4 28 1687 884 27.86 2619374662 
6 4 28 1217 664 15.6 1209809048 
6 4 28 1454 763 20.42 1242309277 
6 4 28 1405 715 18.83 674385663 
6 4 28 1621 834 24.53 2561087646 
6 4 28 1298 686 17.2 1020495886 
6 4 28 1514 778 21.27 1691288696 
6 4 28 725 404 9.18 2029994696 
6 4 29 1415 772 21.32 863193444 
6 4 29 1715 890 25.75 2067811678 
6 4 29 1047 585 15.16 722862929 
6 4 29 790 418 10.46 546584141 
6 4 29 1053 598 14.09 555866719 
6 4 29 1314 701 17.69 405091002 
6 4 29 1428 753 21.42 1416136010 
6 4 29 1442 758 23.11 759242597 
6 4 29 1127 595 15.89 1242953213 
6 4 29 2145 1112 39.4 1260184874 
6 4 30 1714 886 30.56 4922221665 
6 4 30 2139 1090 35.72 8429650556 
6 4 30 1749 941 30.51 3060057923 
6 4 30 2305 1212 40.75 9276097504 
6 4 30 1951 988 32.42 7725411836 
6 4 30 1999 1012 34.12 4809598954 
6 4 30 2191 1119 38.25 7935532300 
6 4 30 2090 1136 37.59 2572367021 
6 4 30 2063 1063 33.27 2204379611 
6 4 30 1094 591 14.97 2468434129 
6 4 31 1957 1016 34.38 11802978315 
6 4 31 1867 1005 31.21 3407676189 
6 4 31 2427 1215 47.23 8210796713 
6 4 31 2033 1019 32.76 4274694397 
6 4 31 1023 531 13.46 4912778644 
6 4 31 1937 967 33.24 10760856698 
6 4 31 1804 1041 31.96 1308210657 
6 4 31 1927 1011 32.58 5861115504 
6 4 31 1718 899 27.17 7234151690 
6 4 31 1701 885 26.89 8156079199 
6 4 32 2657 1368 49.34 5025142237 
6 4 32 2211 1151 41.91 6743930306 
6 4 32 2577 1346 50.77 6303591349 
6 4 32 1778 949 32.03 3125901241 
6 4 32 3061 1599 64.91 10655263385 
6 4 32 2589 1333 53.77 5427056873 
6 4 32 2428 1244 46.47 4634207063 
6 4 32 2067 1075 37.8 2844314500 
6 4 32 1500 773 22.38 6816883445 
6 4 32 1547 853 27.38 6922144371 
6 4 33 1673 859 27.38 5619100216 
6 4 33 2090 1071 37.97 10154400857 
6 4 33 1705 921 29.48 2623282497 
6 4 33 1786 907 33.08 9277473216 
6 4 33 2109 1101 37.63 8138430956 
6 4 33 1514 781 24.44 7526007548 
6 4 33 1667 877 31.62 10944698894 
6 4 33 2152 1133 43.81 17256449265 
6 4 33 2432 1238 45.72 6990987845 
6 4 33 1972 1017 34.36 13654438952 
6 4 34 2140 1103 42.21 8826484543 
6 4 34 1207 650 18.64 5684490649 
6 4 34 1758 890 29.97 17018229915 
6 4 34 2558 1350 56.78 14435054836 
6 4 34 2739 1435 57.76 4877060667 
6 4 34 1682 903 30.89 4172273971 
6 4 34 3219 1632 72.72 18467978583 
6 4 34 2917 1538 54.75 15177485950 
6 4 34 1998 1059 37.75 3691046888 
6 4 34 3236 1689 76.72 3053598797 
6 4 35 1515 782 29.41 10336386831 
6 4 35 2418 1337 48.24 10308439513 
6 4 35 2625 1381 62.08 6893879467 
6 4 35 1649 868 30.43 6895316110 
6 4 35 2027 1046 41.03 5295021371 
6 4 35 1943 1058 42.69 4095976994 
6 4 35 2529 1349 54.23 8173080113 
6 4 35 2188 1106 44.97 6902288868 
6 4 35 1900 975 37.03 7507405407 
6 4 35 1603 848 26.85 5786134986 
6 4 36 2643 1325 60.06 22592521744 
6 4 36 3528 1805 88.76 45496891692 
6 4 36 1634 827 30.18 38401799828 
6 4 36 2508 1304 57.98 18075240364 
6 4 36 3119 1659 73.96 27711869089 
6 4 36 3068 1623 77.02 20278043210 
6 4 36 2719 1392 57.04 47790502282 
6 4 36 2434 1266 56.34 21077497657 
6 4 36 2959 1553 72.67 51690164788 
6 4 36 1555 835 28.75 12292796298 
6 4 37 2311 1205 46.84 27525639454 
6 4 37 1908 980 37.31 19239003261 
6 4 37 3629 1873 104.9 18106257674 
6 4 37 2732 1356 54.01 56934443899 
6 4 37 3250 1634 74.82 40560095424 
6 4 37 2278 1188 46.66 36131389851 
6 4 37 2508 1252 53.99 18157426751 
6 4 37 3287 1736 86.45 41234112900 
6 4 37 2182 1095 43.15 24993188254 
6 4 37 3872 1959 90.88 36637532435 
6 4 38 2205 1099 42.6 14789440023 
6 4 38 2343 1227 51.69 39684967729 
6 4 38 2962 1550 73.56 23739753598 
6 4 38 2380 1233 52.73 23579841247 
6 4 38 3073 1593 82.7 12034128129 
6 4 38 3174 1671 85.65 24199230341 
6 4 38 3523 1795 96.73 27744453073 
6 4 38 2974 1539 75.71 13479086198 
6 4 38 4025 2077 119.41 59321094118 
6 4 38 1931 975 41.35 28283466459 
6 4 39 2061 1069 42.62 55853155088 
6 4 39 3814 1936 97.99 23492512919 
6 4 39 3135 1638 78.65 16768217091 
6 4 39 3052 1533 72.24 41846628909 
6 4 39 2560 1306 63.82 32947468096 
6 4 39 2981 1523 72.08 15290975239 
6 4 39 2674 1354 57.4 73440822693 
6 4 39 2707 1392 65.78 19307148821 
6 4 39 2342 1171 54.81 26643874495 
6 4 39 1999 1043 43.4 48178579837 
6 4 40 2264 1137 51.19 35167960212 
6 4 40 3508 1775 86.34 42638148247 
6 4 40 3279 1770 87.07 26345307118 
6 4 40 3023 1565 83.1 14339306373 
6 4 40 2444 1345 60.32 20799304165 
6 4 40 2875 1457 64.92 32101768295 
6 4 40 3066 1613 76.56 13202463597 
6 4 40 3315 1732 99.15 63610960224 
6 4 40 3271 1695 88.18 29520356421 
6 4 40 2963 1527 73.3 55711374950 
6 4 41 2748 1414 61.32 20567346205 
6 4 41 3271 1667 87.69 61989576476 
6 4 41 2396 1255 55.04 41222433462 
6 4 41 3625 1888 104.15 62958381108 
6 4 41 2116 1099 46.77 25685714290 
6 4 41 2939 1509 69.75 38138816962 
6 4 41 2973 1524 75.05 25629600234 
6 4 41 3484 1786 98.11 22880528540 
6 4 41 2712 1389 71.73 42221149135 
6 4 41 2832 1522 73.4 30762505599 
6 4 42 3440 1800 98.11 75845750367 
6 4 42 4793 2425 167 132248852385 
6 4 42 3874 2012 121.23 136469598646 
6 4 42 3442 1750 87.44 81253532912 
6 4 42 2444 1234 58.45 155699540468 
6 4 42 2269 1195 55.41 144221418901 
6 4 42 3593 1786 107.01 90185805335 
6 4 42 3243 1659 86.92 87389451347 
6 4 42 6125 3178 221.81 102967801639 
6 4 42 3271 1657 96.19 119705469120 
6 4 43 3612 1852 109.04 242023549952 
6 4 43 3907 1982 110.76 79548020358 
6 4 43 3734 1887 108.91 142234054933 
6 4 43 2455 1242 63.13 119575369634 
6 4 43 4347 2202 129.06 280505507558 
6 4 43 1901 958 41.55 142069757080 
6 4 43 3228 1710 92.92 192375091904 
6 4 43 2343 1199 55.29 95619691908 
6 4 43 3532 1796 110.73 235801494283 
6 4 43 3248 1636 89.62 126977613363 
6 4 44 3914 1972 112.71 163503268735 
6 4 44 3564 1790 108.13 97546150597 
6 4 44 5399 2766 187.27 93845513783 
6 4 44 3497 1797 106.13 141036188601 
6 4 44 2874 1500 70.31 127901794769 
6 4 44 5551 2812 220.77 110911110182 
6 4 44 3952 1984 121.22 188329782090 
6 4 44 3703 1894 114.44 317755419208 
6 4 44 2565 1327 66.62 162471434788 
6 4 44 2559 1349 60.96 115928085330 
6 4 45 2939 1503 74 74174664061 
6 4 45 4392 2340 155.66 102053364615 
6 4 45 5098 2638 187.35 80626691986 
6 4 45 3722 1883 99.17 101256651128 
6 4 45 5616 2922 227.87 81324883000 
6 4 45 3002 1544 86.16 101246375772 
6 4 45 2652 1381 72.14 130847625971 
6 4 45 4158 2151 119.75 174745877150 
6 4 45 3807 1933 114.88 68420120024 
6 4 45 3565 1873 101.24 378845226369 
6 4 46 3588 1879 112.79 125239049149 
6 4 46 3959 2092 134.72 278994035387 
6 4 46 4892 2513 190.1 133328232711 
6 4 46 4545 2361 147.95 193119867663 
6 4 46 3910 1989 121.07 151850108522 
6 4 46 4153 2161 123.88 270651620331 
6 4 46 3703 1880 107.06 206063653291 
6 4 46 4223 2272 138.73 35417602444 
