6 4 10 13 6 0.03 256 
6 4 10 10 5 0.03 12 
NOT a triangulation. Abort current computation...
6 4 10 10 5 0.02 24 
6 4 10 12 4 0.02 3 
6 4 10 11 5 0.02 18 
6 4 10 9 4 0.02 32 
6 4 10 10 5 0.02 768 
6 4 10 17 6 0.04 42 
6 4 10 10 5 0.02 24 
6 4 11 21 10 0.05 13770 
6 4 11 24 11 0.08 162176 
6 4 11 21 11 0.07 9757 
6 4 11 33 15 0.08 78988 
6 4 11 26 14 0.08 12069 
6 4 11 32 16 0.08 5508 
6 4 11 27 15 0.07 3572 
6 4 11 42 20 0.11 152988 
6 4 11 21 8 0.05 10344 
6 4 11 23 10 0.06 477 
6 4 12 62 31 0.19 156948 
6 4 12 54 32 0.2 142512 
6 4 12 60 33 0.18 939836 
6 4 12 45 27 0.15 26634 
6 4 12 78 41 0.23 141880 
6 4 12 94 52 0.27 241658 
6 4 12 93 48 0.26 490642 
6 4 12 72 39 0.23 946848 
6 4 12 91 46 0.28 363516 
6 4 12 70 37 0.21 160980 
6 4 13 117 64 0.41 1634242 
6 4 13 110 60 0.36 261492 
6 4 13 47 27 0.19 7608 
6 4 13 132 71 0.45 623448 
6 4 13 107 56 0.35 691946 
6 4 13 83 42 0.31 624380 
6 4 13 45 28 0.21 26574 
6 4 13 133 64 0.43 1183845 
6 4 13 169 90 0.61 3123406 
6 4 13 94 51 0.37 98604 
6 4 14 227 114 0.84 8032956 
6 4 14 173 89 0.79 1773990 
6 4 14 94 51 0.42 1579792 
6 4 14 126 63 0.52 1172298 
6 4 14 289 139 1.15 99420285 
6 4 14 169 91 0.72 1472948 
6 4 14 146 80 0.65 656577 
6 4 14 147 80 0.6 824394 
6 4 14 218 104 0.8 5885035 
6 4 14 129 77 0.5 338252 
6 4 15 197 108 0.94 5917270 
6 4 15 162 89 0.84 3503633 
6 4 15 181 94 0.94 6721035 
6 4 15 305 159 1.29 8408179 
6 4 15 243 127 1.02 35876108 
6 4 15 95 54 0.55 313008 
6 4 15 185 99 0.88 8103219 
6 4 15 127 78 0.63 2984011 
6 4 15 122 76 0.59 4004611 
6 4 15 98 61 0.5 1340098 
6 4 16 167 85 1.03 824617692 
6 4 16 212 109 1.12 56695192 
6 4 16 471 231 2.65 266876225 
6 4 16 368 182 2.04 184734752 
6 4 16 362 189 1.95 113965005 
6 4 16 305 159 1.48 48139038 
6 4 16 407 206 2.06 82618749 
6 4 16 434 220 2.5 327743814 
6 4 16 381 198 1.96 66541960 
6 4 16 310 169 1.54 144959049 
6 4 17 469 237 2.73 1045369179 
6 4 17 525 266 3.17 545817895 
6 4 17 384 202 2.36 445781424 
6 4 17 446 240 2.63 119451706 
6 4 17 445 237 2.87 197589150 
6 4 17 508 257 2.93 108027912 
6 4 17 284 151 1.72 521198977 
6 4 17 544 267 3.6 631676676 
6 4 17 506 256 3.08 413917305 
6 4 17 414 232 2.41 33659354 
6 4 18 453 260 3.11 401454574 
6 4 18 680 355 4.83 288604501 
6 4 18 461 243 2.99 238410224 
6 4 18 514 281 3.57 233153268 
6 4 18 489 245 3.21 636717839 
6 4 18 570 292 3.73 2492004570 
6 4 18 670 352 5.13 633925748 
6 4 18 451 223 2.87 550095362 
6 4 18 288 161 1.82 19903193 
6 4 18 391 204 2.5 179952641 
6 4 19 585 295 4.34 2160623667 
6 4 19 594 331 4.19 80585292 
6 4 19 802 401 5.82 795204325 
6 4 19 498 267 3.76 180272708 
6 4 19 529 281 3.83 101783572 
6 4 19 420 219 3.09 2456742166 
6 4 19 457 243 3.24 142982429 
6 4 19 778 404 6.37 984736172 
6 4 19 486 261 3.61 886245184 
6 4 19 473 243 3.5 687955958 
6 4 20 508 280 4.43 2218194749 
6 4 20 1206 600 10.97 1264406139 
6 4 20 681 345 5.15 547237094 
6 4 20 540 289 4.23 39661481 
6 4 20 802 426 7.46 906342172 
6 4 20 577 333 5.11 46189220 
6 4 20 527 282 4.42 928116098 
6 4 20 707 364 5.36 869857640 
6 4 20 748 405 6.06 407920528 
6 4 20 778 416 6.46 997662070 
6 4 21 1070 534 9.99 2660365318 
6 4 21 1174 575 12.38 33417674372 
6 4 21 1096 533 11.52 58917463814 
6 4 21 1248 617 12.1 16394606589 
6 4 21 968 487 9.42 63715358464 
6 4 21 893 470 8.97 7504110224 
6 4 21 1119 567 11.51 8646427144 
6 4 21 1050 525 10.55 14681115068 
6 4 21 1159 597 12.03 11937245389 
6 4 21 1099 556 9.95 29239378515 
6 4 22 721 369 6.76 23071955314 
6 4 22 1216 611 12.38 14196990033 
6 4 22 975 493 9.12 47526867804 
6 4 22 1070 542 10.95 3642845974 
6 4 22 724 373 6.78 13952453598 
6 4 22 1080 551 12.4 15462321675 
6 4 22 1013 522 10.47 12063255499 
6 4 22 1468 740 16.4 8109353224 
6 4 22 1276 630 13.1 12801138736 
6 4 22 1103 563 10.27 7589703500 
6 4 23 1259 653 14.06 2970331737 
6 4 23 1229 650 14.44 17329306152 
6 4 23 1302 676 14.58 1413193310 
6 4 23 1794 908 26.6 43488101413 
6 4 23 1562 828 20.64 13933750025 
6 4 23 1336 702 15.48 10697167891 
6 4 23 1317 651 14.57 47833946396 
6 4 23 1290 631 13.2 87058880143 
6 4 23 1565 778 21.44 22363103626 
6 4 23 1243 621 13.81 66888998915 
6 4 24 1202 595 13.53 181145707273 
6 4 24 1506 747 18.68 32499233580 
6 4 24 859 442 9.97 11064813403 
6 4 24 1518 752 19.2 42593362149 
6 4 24 1347 691 16.99 13349207214 
6 4 24 1133 556 13.38 77928014003 
6 4 24 1344 679 16.74 6858205618 
6 4 24 1461 719 18.36 37059077745 
6 4 24 1211 611 14.56 50537244687 
6 4 24 1055 562 13.03 46927697967 
6 4 25 1965 1017 27.6 39307486768 
6 4 25 1544 760 19.46 23710454407 
6 4 25 894 477 10.22 14618303221 
6 4 25 1544 758 20.28 36107430584 
6 4 25 1664 830 22.57 142372883903 
6 4 25 1453 748 18.81 17965375704 
6 4 25 2079 1029 33.93 45981858668 
6 4 25 1311 689 17.68 36090187563 
6 4 25 1370 711 19.29 51887858577 
6 4 25 916 472 10.75 23777620712 
6 4 26 2145 1142 33.65 119736188059 
6 4 26 1363 698 18.11 442113695191 
6 4 26 1803 897 24.72 359384075163 
6 4 26 2157 1078 33.94 439787581643 
6 4 26 2964 1504 58.71 138980797686 
6 4 26 2397 1198 37.59 1021159289903 
6 4 26 1048 547 14.77 385587342935 
6 4 26 1393 697 18.16 267582322065 
6 4 26 1670 851 24.76 143923396029 
6 4 26 1347 670 18.85 66571260341 
6 4 27 2111 1069 31.51 100961676752 
6 4 27 2013 1014 32.63 1232730610753 
6 4 27 1992 985 29.88 478178486440 
6 4 27 2606 1329 43.81 468586848726 
6 4 27 2630 1342 51.51 458023400916 
6 4 27 1910 941 27.76 151930881390 
6 4 27 2047 1039 37.58 562857664260 
6 4 27 1948 955 28.72 429736940885 
6 4 27 1915 979 32.37 22526188247 
6 4 27 1623 830 26.61 42300085845 
6 4 28 2258 1122 40.2 537771496990 
6 4 28 1924 973 33.34 362537358927 
6 4 28 2252 1135 37.39 166159597642 
6 4 28 1743 894 23.72 111224240371 
6 4 28 2817 1404 54.16 312349735869 
6 4 28 2229 1094 36.09 934263025276 
6 4 28 2667 1457 52.08 248248813409 
6 4 28 2513 1276 50.89 654797873226 
6 4 28 1843 892 30.02 707594991663 
6 4 28 3018 1592 57.99 785185434834 
6 4 29 2533 1315 49.18 248014856327 
6 4 29 2767 1407 51.87 106594334591 
6 4 29 2396 1188 40.22 440550863088 
6 4 29 1868 916 29.9 1129820706465 
6 4 29 2304 1144 43.37 200829661657 
6 4 29 2036 1043 34.78 467382452687 
6 4 29 2296 1190 38.88 417487491940 
6 4 29 2276 1142 46.67 718761118226 
6 4 29 2096 1086 38.19 629423189308 
6 4 29 2857 1462 57.72 324402561242 
6 4 30 3076 1580 75.15 435731358929 
6 4 30 1920 970 34.94 278739765649 
6 4 30 3373 1709 78.97 511847027689 
6 4 30 2510 1271 48.93 327777045435 
6 4 30 2799 1415 64.72 434271465046 
6 4 30 2304 1151 47.56 523307419836 
6 4 30 2834 1412 61.61 836635700530 
6 4 30 2865 1456 61.89 298331073372 
6 4 30 2477 1226 46.52 435178592170 
6 4 30 2549 1296 46.43 254389557172 
6 4 31 3264 1636 72.68 542322010336 
6 4 31 2966 1498 61.84 238574081683 
6 4 31 2853 1475 57.87 334335035858 
6 4 31 2047 1076 40.47 609920193642 
6 4 31 3550 1762 97.67 1315007372087 
6 4 31 2678 1340 53.56 460098930272 
6 4 31 2236 1147 39.62 666663921901 
6 4 31 3500 1750 85.38 1415095723471 
6 4 31 2430 1239 45.01 1263043181136 
6 4 31 3689 1852 106.36 791308901435 
6 4 32 3268 1619 79.46 9396267006141 
6 4 32 3148 1646 77.6 2466630324134 
6 4 32 2933 1451 65.85 4283701408822 
6 4 32 3706 1810 98.76 2280006242145 
6 4 32 2619 1368 48.13 999420323028 
6 4 32 2883 1439 72.93 1677816998604 
6 4 32 3544 1756 70.93 3317859827297 
6 4 32 3875 1965 111.98 3126117118198 
6 4 32 4300 2183 133.37 1313910907216 
6 4 32 4906 2462 162.26 2909930068558 
6 4 33 3953 1964 116.4 6920222939591 
6 4 33 3604 1841 92.82 785270679658 
6 4 33 2490 1244 52.19 3306118441946 
6 4 33 3603 1777 83.54 3037848599656 
6 4 33 2934 1478 70.08 1396981844549 
6 4 33 3507 1757 92.74 3741420195953 
6 4 33 2736 1363 55.69 2040373774198 
6 4 33 4728 2400 135.91 5219147394546 
6 4 33 3390 1734 83.59 2317992047879 
6 4 33 2482 1261 47.53 1081355858830 
6 4 34 3356 1668 88.98 1446722319608 
6 4 34 3884 1937 101.11 1150582224595 
6 4 34 3452 1758 80.36 2200735881870 
6 4 34 4344 2170 107.79 2079992687309 
6 4 34 3420 1717 74.89 1921609957204 
6 4 34 2891 1405 61.16 1627926976717 
6 4 34 3867 1915 109.31 1707377646823 
6 4 34 4575 2303 139.04 5492731346787 
6 4 34 2701 1362 67.28 4860215317945 
6 4 34 2591 1273 60.59 918892719284 
6 4 35 5394 2751 158.26 3545031199222 
6 4 35 4818 2419 162.43 3172671664518 
6 4 35 4615 2287 144.01 6108933086149 
6 4 35 3619 1824 91.36 6740930879239 
6 4 35 3980 2069 103.67 6549641878019 
6 4 35 4326 2223 126.91 2743398602072 
6 4 35 3578 1818 93.58 3318209520592 
6 4 35 5089 2595 158.67 3008009246164 
6 4 35 3128 1572 74.56 6938236475771 
6 4 35 4251 2157 130.21 1482619470617 
6 4 36 4968 2497 157.23 3480580280772 
6 4 36 5185 2621 198.41 3883225093935 
6 4 36 3159 1633 76.37 12403440126325 
6 4 36 5278 2711 153.5 2827245843745 
6 4 36 4968 2496 171.51 2051535676589 
6 4 36 3905 1992 100.45 6715971598735 
6 4 36 3994 1999 104.83 4290928182782 
6 4 36 3833 1984 112.42 5850017132911 
6 4 36 4801 2484 152.47 2872404420391 
6 4 36 4098 2105 107.25 10454461910215 
6 4 37 4167 2125 129.72 2401284617146 
6 4 37 3006 1488 87.96 2651057143962 
6 4 37 4228 2121 134.73 3138824787741 
6 4 37 6963 3565 278.61 7614004497440 
6 4 37 4762 2443 154.17 3076040637986 
6 4 37 3758 1893 103.76 2791271702202 
6 4 37 4603 2378 127.36 1211870622263 
6 4 37 6728 3434 283.84 5631481055498 
6 4 37 4595 2326 143.71 4149319829531 
6 4 37 5625 2852 178.73 3156093737450 
6 4 38 5083 2515 161.69 30735918310666 
6 4 38 5340 2712 186.86 11908760039649 
6 4 38 3924 2013 103.29 4048408433916 
6 4 38 3351 1683 101.04 19069086116122 
6 4 38 3974 1969 105.63 21023783496646 
6 4 38 5336 2683 176.9 13377827711426 
6 4 38 4773 2418 131.52 85657277649078 
6 4 38 5556 2780 209.43 14142983784770 
6 4 38 3587 1823 108.42 43063643719936 
6 4 38 3316 1649 83.43 9021400965563 
6 4 39 4593 2380 173.76 27685660151414 
6 4 39 4617 2310 170.87 25089573470802 
6 4 39 4401 2211 130.45 16205508428760 
6 4 39 2897 1495 80.1 3841544519926 
6 4 39 4404 2290 142.18 24626748992055 
6 4 39 6168 3129 246.98 17285712807983 
6 4 39 3319 1683 94.94 17326282409487 
6 4 39 3743 1859 115.49 19925836609200 
6 4 39 5000 2561 156.18 23626965978176 
6 4 39 4616 2361 143.09 11152482411170 
6 4 40 5145 2582 187.48 12886451430791 
6 4 40 5002 2551 196.89 21394857016273 
6 4 40 6023 3041 237.81 40519761120464 
6 4 40 3264 1635 97.63 22428945044197 
6 4 40 5528 2807 184.43 34183075592188 
6 4 40 6629 3430 292.11 10845724083113 
6 4 40 5242 2613 183.67 36198365579130 
6 4 40 3553 1783 107.45 15283728061236 
6 4 40 5974 3046 245.21 23845962959457 
6 4 40 3596 1762 110.1 9438712752995 
6 4 41 3595 1783 95.85 74911976855610 
6 4 41 8326 4386 403.21 12711040578934 
6 4 41 5068 2564 179.28 44535640394094 
6 4 41 7405 3740 322.83 14577160032279 
6 4 41 5590 2847 205.44 24730829470344 
6 4 41 5533 2877 243.74 18104835098386 
6 4 41 8088 4170 407.58 27726830241695 
