8 5 10 4 2 0.02 222 
8 5 10 7 2 0.02 54 
8 5 11 7 3 0.06 32724 
8 5 11 13 3 0.08 57915 
8 5 12 15 6 0.19 9377200 
8 5 12 12 5 0.18 15649920 
8 5 13 39 20 0.62 9127856400 
8 5 13 42 19 0.63 32993643144 
8 5 14 193 102 3.01 831627426180240 
8 5 14 209 105 3.23 14181168413911284 
8 5 15 793 394 13.84 51792354575097668 
8 5 15 909 432 16.83 298571889692580 
8 5 16 2036 904 51.06 58293524819815449145 
8 5 16 2677 1238 78.62 12374636850777253424 
8 5 17 5802 2480 292.75 12631508391267665462 
8 5 17 3837 1674 152.4 64460958232411106058 
8 5 18 6689 2911 387.89 505131515136646056792 
8 5 18 5673 2489 321.76 7133543232867494513 
8 5 19 12045 5406 1262.46 726290223726683566 
8 5 19 17518 7746 3209.11 83200356602046572042 
